Outlying Skewed Clumpy Sparse Striated Convex Skinny Stringy Monotonic 
0.0 0.9249141650075109 0.06830505986229349 0.8257338209089611 0.2857142857142857 0.0 1.0 1.0 0.014938583889961037 
0.10700387045819444 0.9257032107789025 0.10594789226243571 0.07229142539545318 0.676056338028169 0.07762249690684929 0.51920006353084 0.7865270823850707 0.008053753451271833 
0.07674870566168253 0.8083968738927612 0.6986953404099991 0.03656096245901339 0.8333333333333334 0.0 1.0 0.8725048010973938 0.4251512861989601 
0.06174178765126389 0.7984603067267881 0.04599370685251293 0.04821019087653751 0.6376811594202898 0.10018613943696138 0.5587876139626864 0.823974609375 0.011853046156832855 
0.3179801844598071 0.8574473270092047 0.709325120218052 0.047358123969618866 0.8269230769230769 6.370407959948619E-4 0.8302879842097219 0.8824809390645053 0.16155591139792247 
0.28600576164222014 0.6854790033678919 0.01189003156212637 0.05686009843126733 0.02142857142857143 0.6501082826939373 0.3052112418141817 0.2665483193746294 0.10503226049119765 
0.6640018691105364 0.8897701032820531 0.1547624539861297 0.07395242931346566 0.7213114754098361 0.08632673437366065 0.510423195358144 0.8502697186178741 0.01759442449485603 
0.20451574512670567 0.829294893777466 0.5840246569282366 0.03575942437014364 0.8125 0.0 1.0 0.8725048010973938 0.5842536142853813 
0.1066438692465406 0.7054506240692864 0.05716113327458387 0.027763831252546698 0.06521739130434782 0.23204073170897285 0.786528019710477 0.5787037037037038 0.996198271870037 
0.21928194532231404 0.7211424509175854 0.029111142414510776 0.06057398416884965 0.013793103448275862 0.7189759273205101 0.22851830437554765 0.27161818378144914 0.1122270134109714 
0.2727666425211178 0.8986461856056847 0.07919857935023765 0.07055223491507523 0.5409836065573771 0.08290038327277045 0.5829813573479261 0.7513148009015777 0.002577013605422797 
0.2312187970056751 0.8153963448582637 0.6990911828577278 0.043197255303166295 0.7804878048780488 0.0 1.0 0.8502697186178741 0.5429204956141757 
0.2521805621405295 0.6543413441204533 0.09672578254115234 0.03272643268528981 0.34375 0.04041663002267038 0.8009551004408135 0.7630335397105253 0.9984015127290983 
0.331703323924467 0.7631255706606705 0.024208720558547017 0.06419670075913901 0.047244094488188976 0.6488220033834079 0.3852356040768118 0.3965694566039661 0.1189161360968154 
0.3383483450228118 0.6650132394460749 0.08411848061991535 0.029122506508661643 0.046511627906976744 0.12074386582644425 0.7255809344593602 0.4850583090379008 0.9936215128253219 
0.6547780096549023 0.909818303918084 0.15353025524007796 0.06812381390317991 0.6491228070175439 0.0915176540243397 0.5929531622447302 0.7865270823850707 0.025496559321210612 
0.2557728092682313 0.6634375718649239 0.7013301838428482 0.030747732429777404 0.8333333333333334 0.0 1.0 0.8869062426970019 0.13982171936610546 
0.34381869565268675 0.7346720029383806 0.015751906326119367 0.060179659027787664 0.03076923076923077 0.6140411862578553 0.21620351482529288 0.39330642210383177 0.02225416551601469 
0.30025636449958176 0.7656746585500118 0.02027024018417284 0.061276249031918396 0.024 0.6316676105907962 0.3098700166770223 0.32590503967765566 3.1182562931789224E-4 
0.3075946732739999 0.7144087449226817 0.01846975979712476 0.060179659027787664 0.030534351145038167 0.6174412980680613 0.19216901120532126 0.3775760675763684 0.03782823413356025 
0.2973528200471114 0.758474674958316 0.020865431427954544 0.05983465527324765 0.008928571428571428 0.5116325557472138 0.25243268466154234 0.2645787585075295 0.018329610742648647 
0.35624356694220877 0.8810878211277096 0.09280975090650802 0.06066505579955691 0.5873015873015873 0.10175333079727358 0.4764351948519093 0.7592511596010647 0.008960590551400204 
0.5893224867202361 0.7862735893435115 0.7182557397443564 0.03587502625909149 0.8333333333333334 1.2546467425315E-4 0.5789113828573929 0.8869062426970019 0.38552852554314515 
0.21469892291460585 0.6495328930886876 0.014545557277887509 0.058793366074654914 0.020833333333333332 0.6213987244147864 0.3032540767396861 0.3175537511744485 0.250010252557588 
0.29155192281330106 0.7419763824198631 0.027854730489501742 0.0591269398326107 0.0072992700729927005 0.5811356342248423 0.24975779681521215 0.41794451296811613 0.06438017365994138 
0.2612493899399522 0.7306562382605419 0.019821406972125612 0.06078438024134733 0.007246376811594203 0.5316724933871297 0.2710611656672761 0.2962962962962963 0.3006012381255951 
0.3808066011567128 0.7523854956608385 0.027943477901109508 0.0737281322843405 0.008403361344537815 0.7187152750105013 0.18608310444304754 0.2666897493253637 0.22492019532973018 
0.305140714301255 0.7821757098213409 0.015718818612990824 0.05996138713911587 0.02727272727272727 0.520976138200014 0.32541986225467323 0.4365902661035712 0.46415786077278537 
0.5592043370377666 0.867968881281663 0.11873147746906626 0.06064799028584323 0.7205882352941176 0.07362992734952287 0.5760823303099871 0.8658638000488281 1.0445903022435786E-5 
0.2607564117105386 0.8463334177495746 0.7110042666538722 0.05995563241122324 0.8301886792452831 6.306123749981549E-4 0.8523189070987105 0.9423223345470444 0.3306205696064956 
0.35321461823208905 0.7561629214588603 0.02585483757287447 0.06725212756465584 0.030534351145038167 0.5525412459163498 0.3274757347268593 0.41365688913012344 0.4697179464330501 
0.3180768638888434 0.6726282552830392 0.01806811409518683 0.058227238230372375 0.028169014084507043 0.5716968987780238 0.3187274538834224 0.2962962962962963 0.11661821620214788 
0.305358848577731 0.7755988148032436 0.012296814063080537 0.06647808051825604 0.03937007874015748 0.5964951403980217 0.245440994364866 0.3399466055410879 0.5409488830942124 
0.3438321013330524 0.7669611485128242 0.011817756190581024 0.0736719513270195 0.05128205128205128 0.5391389856152506 0.2638566288678218 0.381511496594216 0.47794143441640413 
0.357537153593405 0.7432327500687278 0.0124611477509335 0.059840421635259135 0.0 0.6656824090036233 0.28887149257149425 0.3619239396024012 0.2695985173908988 
0.6060354913391072 0.7631569216823983 0.032930810127416436 0.04073052811546785 0.04390243902439024 0.302292216254963 0.4128017048860456 0.3658171564521266 0.7980298941907231 
0.35033366177550135 0.9087367042185066 0.10162442761306383 0.07310304743612758 0.7464788732394366 0.08945976133743895 0.49728022326085053 0.8289784901355151 1.7654283172010367E-4 
0.07002567409030404 0.7435140473716955 0.656615517782403 0.02926433773645869 0.8333333333333334 1.1536441218600825E-4 0.5205648501685356 0.8869062426970019 0.4839690138374124 
0.2591069481249694 0.681573990571607 0.008175451938624583 0.05615790651933741 0.016 0.5270835532014632 0.31841384320544364 0.371307373046875 0.6796002289088777 
0.3404139433597978 0.7754243556386488 0.01605241491013547 0.06525223499747244 0.027586206896551724 0.7006049849267223 0.2574408423201917 0.3175537511744485 0.09757837823739197 
0.2086509585920832 0.6804644225142229 0.016003686916279708 0.05361179057507709 0.03361344537815126 0.5793564763471315 0.3455353958846079 0.30639645147517125 0.7188935298564466 
0.22771421347470175 0.702133105450891 0.02452171827981862 0.05488389610903424 0.0 0.5986128771118606 0.3121552213552129 0.3980908211503972 0.6744350618385 
0.2852363757398315 0.6775419581113901 0.015030391224585072 0.05500948871287025 0.03875968992248062 0.5938737528652855 0.31805108966990137 0.3644314868804665 0.3219425507302092 
0.2772268903453814 0.8528915262044737 0.01928314260357834 0.07303693782606048 0.0 0.5983416358883253 0.29607204468691173 0.324951171875 0.6937666428632213 
0.6625272863130732 0.8237877115729296 0.017728969205170458 0.04302116792636366 0.04371584699453552 0.6368541642303748 0.44006247081406513 0.3644314868804665 0.8914644820457618 
0.6222234731882976 0.8970401415420536 0.1537686481502457 0.07026309523709273 0.6612903225806451 0.09393976090841595 0.5760636066732241 0.8039018753408605 2.4195703985768652E-4 
0.19166387072552885 0.8630090278852027 0.7073180964244451 0.04422346144258498 0.8793103448275862 1.651091337470379E-4 0.7127639592200303 0.94737950983965 0.10417102822414234 
0.2549485027284621 0.7417335970140883 0.01648089932395426 0.0626296297370734 0.0136986301369863 0.6775138658476124 0.2708588086327083 0.3644314868804665 0.01325922102900181 
0.2181919976192556 0.6654319899129242 0.009221545791269782 0.05668993101717114 0.014285714285714285 0.6912141258879972 0.35058262778202176 0.3360475110679192 0.007659284066848846 
0.23486887698159525 0.6972386952871024 0.021207368037416897 0.05912110388137182 0.013513513513513514 0.6555242560988818 0.3056055810713788 0.39344389376358185 0.020717154163711244 
0.3034549205745548 0.6351755862141273 0.02077719955809652 0.05728932859298567 0.007575757575757576 0.6345238149603183 0.3256462662210723 0.38185162569449155 0.010859370516344256 
0.20509402297728904 0.6498653027720461 0.026041094750106714 0.05399656912895787 0.056910569105691054 0.6096020510295148 0.26764969297093033 0.30639645147517125 0.3054659258569424 
0.3137871677738485 0.7845922577510906 0.021713262722506697 0.06541595337911674 0.02654867256637168 0.6002529605067598 0.27451994794666423 0.30174946678080705 0.3246941355886673 
0.2089021938322668 0.7657725589795734 0.021391526962118657 0.06779379162280755 0.08029197080291971 0.5504038471473081 0.32899684562107856 0.36024266044606285 0.23875186265449494 
0.23981225165043485 0.7597052244794898 0.01738526260374344 0.0634016812492307 0.02158273381294964 0.5868636494073534 0.39902638884376485 0.37266691863061124 0.20056765137292845 
0.3454344589857932 0.9012638875858232 0.11800130600285265 0.05746972999024171 0.71875 0.08026894175629118 0.5022665028904979 0.8573749999999999 0.09334628605750463 
0.3175315481164989 0.7817465625372924 0.7226438223950624 0.03829413612505506 0.8688524590163934 0.0 1.0 0.9000779039731028 0.001089946149425868 
0.15226009583035519 0.6884095678974793 0.01197920254952978 0.05842246345289078 0.0 0.5527777673471095 0.323192681093431 0.35653794139744555 0.12606279854648164 
0.2753231349474641 0.7568338045159575 0.015133900314685284 0.05734350860376392 0.0 0.6494206909832075 0.3545515170236264 0.3095613677997151 9.526007451946312E-4 
0.20138144615601308 0.7766545245533077 0.028017586327719637 0.06287705911361638 0.02097902097902098 0.47646888981559565 0.43948272746010086 0.3885850788699583 0.095815080787134 
0.2332839038327705 0.6973634649465268 0.014558499098212618 0.06032854793502127 0.016 0.4045588855271351 0.3337097741685482 0.3162648244160139 0.13975312217668542 
0.3662898643455509 0.7319844189373619 0.018223948952985614 0.06313991506173518 0.017857142857142856 0.573981129447468 0.2618224050697222 0.34651191825936717 0.3566036332468649 
0.2901587638562332 0.7201588246650772 0.029054111142362383 0.06243098019079523 0.0 0.5953905097670315 0.27860571048682403 0.3295408103449976 0.2507611886271593 
0.28501356884144174 0.7899510799720291 0.02038477872571991 0.0687490011421891 0.02142857142857143 0.5233990893257688 0.2489825699500935 0.395357941791265 0.08950999839503063 
0.39661205509335623 0.7863319761196943 0.015444700156125134 0.06751328197214444 0.02054794520547945 0.6327279230523596 0.4240269033547708 0.4329764116051615 0.007352149214722827 
0.32768113087147843 0.7480261150443601 0.011488207827586439 0.06307430377100212 0.0 0.6672078026877176 0.2768984585215719 0.38467317806160783 0.19000872988164938 
0.5124627961087738 0.8722951630824165 0.22649241044605659 0.0681187487473007 0.5434782608695652 0.10958769239752665 0.5286778220166555 0.8668544907995523 7.227835809748322E-4 
0.3199087104945038 0.8083621182085995 0.7150810723162221 0.042399103455420674 0.75 3.646114220656662E-4 0.7260960639275889 0.8889963586709149 0.24214988969388693 
0.38426957559222996 0.7185256685251236 0.04322933204104434 0.0332494193507968 0.03125 0.4713962330370649 0.5042590052377134 0.31210957363825476 0.45465067493674305 
0.43266102460112577 0.765392940116541 0.017209911176630503 0.03767644826671154 0.019138755980861243 0.5216084123430444 0.46896649289744397 0.3937027005849834 0.1264731885834189 
0.4243777704616675 0.7293573449336896 0.01735280543796959 0.0357304654578191 0.015706806282722512 0.4718147374372854 0.4174949725927476 0.38081360988334456 0.5024624668422389 
0.5019305558854401 0.7691378311051154 0.03326527348638086 0.036066872687199235 0.057692307692307696 0.36913348116300027 0.40099044826266206 0.3644314868804665 0.49221219527355176 
0.43334329637048774 0.7134380172683088 0.015244930077334204 0.030089829513893832 0.01015228426395939 0.4984110039695931 0.27187041892410313 0.3429999999999999 0.08473433558676713 
0.6228549702568031 0.7429288815768307 0.0141768668483268 0.03575942437014364 0.037037037037037035 0.47850340347994846 0.48287086517824584 0.3749432949171154 0.2510469243213714 
0.668668673965135 0.8560811836665376 0.03133278987614484 0.04441032197109993 0.0449438202247191 0.4367506322885323 0.361850280696128 0.44286502289338603 0.41268390423439805 
0.4774448162493142 0.7643392370843684 0.014852230077357777 0.0356724771067158 0.02127659574468085 0.3462422015130567 0.5839236600241142 0.33575376326019246 0.5054230884905541 
0.5973532433104867 0.7904942389396155 0.0101559729710178 0.035990256832884426 0.04736842105263158 0.5324439525656832 0.4364284739892521 0.30899301781727856 0.0978004539367303 
0.58252498486981 0.7806075453680675 0.027043899724490512 0.0420312970540901 0.021621621621621623 0.5461747202032294 0.37303521549743446 0.43054339603396535 0.005685548629079372 
0.20630036034885726 0.8654911391481375 0.1542984384267476 0.050015753392049424 0.5892857142857143 0.07943500045505443 0.5228560520737165 0.7290000000000001 0.020344710312962977 
0.40008393314764773 0.8429442245924739 0.6494596082583963 0.044866379359069716 0.8043478260869565 5.4322205055329744E-5 0.6879983126436331 0.8668544907995523 9.008465363721683E-5 
0.3015586811239077 0.636249436065801 0.023756252121338497 0.05502830288045434 0.008264462809917356 0.5362211661941405 0.3518672977729802 0.3219730229272493 0.02451497752993403 
0.250307222124872 0.6707926829350517 0.018953269528080074 0.05600409109345916 0.0 0.45772300614804157 0.4430662477441173 0.2479159291289469 0.203963609363443 
0.3873906519510373 0.7185511585082766 0.035556847932751226 0.05874052337214508 0.008695652173913044 0.543951343018232 0.2830323945839195 0.2962962962962963 0.02758738699177527 
0.2660396297284786 0.6682963646017162 0.02387084334028757 0.05970187522911344 0.01834862385321101 0.4143495741870732 0.25116049691211007 0.269047681826387 0.024398626943325893 
0.36156216722352497 0.6928355997693814 0.019047751114424184 0.05686009843126733 0.027522935779816515 0.5657508671908128 0.24895420581701255 0.269047681826387 0.007505235939102971 
0.31091146835352124 0.6636066055739009 0.017168437517623775 0.05124247997971518 0.04132231404958678 0.4942959612870661 0.31130813345720076 0.34786901300607387 5.392455998650004E-6 
0.3604811360362666 0.7245048332584254 0.013717805810340008 0.05981735285196732 0.0 0.4663285347181629 0.2977777873622456 0.34651191825936717 2.4940552087974094E-4 
0.30477179953816724 0.7949054521260053 0.01250247398863748 0.06858820805282863 0.008403361344537815 0.5606458973990113 0.3985415158128559 0.3644314868804665 0.0014511516722539191 
0.3445543954363704 0.7245560367915753 0.019638102593197457 0.05982312088176251 0.008928571428571428 0.6413214558780996 0.33833451677682913 0.42663294414364317 0.02029402895230478 
0.4226545973299511 0.6859655788634482 0.018457577429109567 0.06383016748206433 0.01818181818181818 0.5646484094719116 0.2505139954809039 0.38807734581721953 0.023235613268223976 
0.6386261881185781 0.761348708112969 0.019176105780322444 0.03649484000799208 0.03529411764705882 0.540783367238363 0.36643632560026507 0.4027018661811562 0.04858741606573398 
0.3482568096258909 0.8438687014856828 0.11490551311894898 0.0641590660751697 0.6 0.08432447770658888 0.505372575646544 0.863837598531476 5.65039462014632E-4 
0.49532201252934477 0.7081268213456203 0.7109955347310577 0.03824905766784606 0.7586206896551724 2.234167941183246E-4 0.582436278677563 0.892953309962912 0.26140923787105774 
0.46644119519823257 0.7299318683339644 0.017505492176409645 0.03046589575481111 0.053763440860215055 0.39109800038919573 0.4585796050847184 0.38467317806160783 0.4574782170513588 
0.4936847936428625 0.7550110312725746 0.030053573364987422 0.03470168196248849 0.03208556149732621 0.4631209157794149 0.5490151560314938 0.43619082398186915 0.10668429543491094 
0.5558656046645457 0.7914975787962684 0.020340627571109028 0.037959287905960495 0.03592814371257485 0.4195117628852485 0.3868635656660909 0.371307373046875 0.49243793353683024 
0.5093081409774322 0.8030398026014649 0.020968378780589807 0.038545601259365965 0.05128205128205128 0.43554194028999493 0.34639561652432826 0.4049569367397025 0.45811891777454733 
0.41881138618468233 0.701538830237521 0.013424035292866784 0.029685765891635022 0.046875 0.5023510864307456 0.48267677748236304 0.324951171875 0.09497344806676836 
0.5337457395442591 0.7818062894625645 0.02112026784918486 0.04033040663266616 0.04864864864864865 0.54678457746832 0.3319260132466719 0.3366483110051779 0.33466689229265645 
0.5611450910641704 0.7903484681854231 0.0195762116111735 0.040501154248988216 0.07386363636363637 0.3924874175510777 0.3966340597780209 0.3741635711377977 0.4804591228661719 
0.6002368408219318 0.8091168729396554 0.026821726418173236 0.037959287905960495 0.03488372093023256 0.3887864732693678 0.6002178508516143 0.31745259793104635 0.5283455306463571 
0.5310660803579507 0.8190015197580012 0.02227918380163931 0.03938682405425285 0.05913978494623656 0.5039373724846746 0.33277123240697337 0.3736831900067267 0.1237878037144889 
0.47344464690142957 0.7756431423110987 0.015571762215492627 0.037419142682755355 0.05789473684210526 0.5831188425814084 0.3782926580871643 0.416274962962963 2.843327505880544E-4 
0.7055968061166724 0.8097446745643587 0.07155146309531983 0.03775878126143707 0.028169014084507043 0.5172105610863543 0.5230971195203495 0.477878287002254 0.9516472818758719 
0.5969882050773822 0.7638037356408545 0.03002553322623014 0.037122895428048024 0.03048780487804878 0.5472151755384743 0.31741390335802466 0.3300208988605849 0.042765224934917086 
0.39746860464743705 0.8782605802704759 0.13012104836840183 0.07559976101884136 0.475 0.11510422201562015 0.4946042273377642 0.6948338192419824 0.010305725654269418 
0.0 0.7803083342387271 0.3389168183822659 0.04402797175130411 0.72 1.093012737472285E-4 0.5611790135624912 0.7513148009015777 0.36677831850768466 
0.599202919833177 0.7791523228026136 0.029953191939636886 0.03996082878290081 0.015151515151515152 0.4680955426943447 0.5859950936473739 0.40172522505621255 0.7390831206308147 
0.7101403898001529 0.7596016504112293 0.028161659568076 0.033661958942601794 0.03205128205128205 0.520229892567405 0.47481363996493453 0.38467317806160783 0.16437120151058177 
0.6853245572997629 0.8257480557867581 0.03571338595155026 0.037011191377140346 0.008130081300813009 0.5432899245307694 0.43774948603223973 0.3211132058025808 0.7399138987143965 
0.7349477760044175 0.8563233667989002 0.02870178729129057 0.04614029785429092 0.044642857142857144 0.16930902533464892 0.41729820153580954 0.3931210459456399 0.768248820278638 
0.5520086314940973 0.7549625794966978 0.016280765800736938 0.03244051434919342 0.059602649006622516 0.5594075364858708 0.41493077193422545 0.4360943287037037 0.07307051015949127 
0.5984174358138629 0.8042888487776637 0.021124327409763183 0.043523517185912304 0.032467532467532464 0.4705799297767049 0.33568397685129014 0.38712331835289865 0.3009654096690302 
0.6904348373276666 0.8135878172527975 0.03304346759945003 0.04562138630834689 0.034482758620689655 0.42085382646974356 0.3915396652465504 0.3924528516763848 0.46789963904502757 
0.627609718117405 0.7855468273347674 0.034938082670214525 0.037011191377140346 0.036231884057971016 0.5757066143212832 0.5582796511194432 0.3644314868804665 0.6595505927116924 
0.6157169549999403 0.8174092595875321 0.036433882715063745 0.042333949204932574 0.031446540880503145 0.6552301942093742 0.4087755771237104 0.3788390035397479 0.07302835322380148 
0.579953859358788 0.7764351175061239 0.028260065526193173 0.03689914916835926 0.03821656050955414 0.5327509916417444 0.4907347538112844 0.3717077763622027 0.026087412312804696 
0.8873878836116972 0.7706748491721495 0.1364138950133373 0.0296508756552204 0.046153846153846156 0.5833011532896257 0.5198296460555144 0.37324799999999997 0.9478454352582556 
0.6868970914953626 0.8164495118439989 0.032810540926810974 0.04103436552433044 0.02158273381294964 0.6574972314367235 0.33543278447106084 0.32753926644074877 0.01664122800860645 
0.8188568908731514 0.820330579400905 0.10372416081982477 0.0375663902469709 0.03076923076923077 0.5728213559213491 0.4676692250766018 0.3553964120370371 0.9010374410528589 
0.49407958885355485 0.9129526606158265 0.04630311579013337 0.06894946519543851 0.627906976744186 0.08488291437764879 0.48960338901359723 0.7865270823850707 0.0270803658311573 
0.5668674714606111 0.7790855111008474 0.7191517218044675 0.04249664753401079 0.7837837837837838 0.0 1.0 0.833706492977814 0.013100455811407436 
0.426641885152932 0.675084179973271 0.01880279676256688 0.05640313871871766 0.010416666666666666 0.5345537506441059 0.3305878156209888 0.36739433004955285 0.1343024196987237 
0.29160304896342315 0.7162115969121072 0.01459648779249183 0.05442302357873159 0.010101010101010102 0.6523231637238486 0.30123184665491975 0.37324799999999997 0.002159831936372574 
0.4704961853306354 0.7564398877318126 0.03369010425953853 0.0650403765324056 0.010101010101010102 0.6702828747644873 0.3072556486776289 0.30242637211227275 0.1257503535537783 
0.5476811896330975 0.7503417315107912 0.01957588810742342 0.03310381593901596 0.03125 0.539220247158616 0.42052048788959906 0.2962962962962963 0.13340790370321567 
0.5865698673181164 0.7922274091549653 0.024030687494692483 0.03761228689236729 0.04285714285714286 0.6157443619046642 0.44046442020918564 0.37671467764060357 0.10294730766347972 
0.5324009663539789 0.7984690174004689 0.02092103077367888 0.06227603690587319 0.0 0.6856600118380742 0.29127419157327794 0.386737609329446 0.008045447150074438 
0.32530793069865216 0.6281339642622366 0.01580286587317524 0.05257194801329746 0.0 0.5725847092290582 0.3324859267997545 0.381078125 0.00155942600667067 
0.47212979147171324 0.7618310787652076 0.013680462958400405 0.06167475230954199 0.00980392156862745 0.5471503105110729 0.3672972547089599 0.3261034799236857 0.003861089151911965 
0.4623801924184427 0.7672302633242427 0.02057348895477214 0.07031709280314452 0.020833333333333332 0.5393556198635593 0.27314926007658 0.3224256559766764 0.04292061976174476 
0.5522716814854086 0.7707802490625537 0.010834149148644582 0.039631356574844366 0.04245283018867924 0.6321797199036803 0.4216999803822976 0.35772432875897797 0.14049299459673265 
0.6255242304568424 0.7690482948264546 0.018790955354280377 0.03341504637495581 0.04666666666666667 0.6836874879126614 0.42333150124582897 0.3797203657386527 0.02867041619023895 
0.6388592161804552 0.8100426845969391 0.01875771721321514 0.0413443161416537 0.04371584699453552 0.6606686751355383 0.23113779033985293 0.421875 0.2025079435271708 
0.5940523194899682 0.7896208824105251 0.025492703204623816 0.03492962634815113 0.05405405405405406 0.6073441442980293 0.3316689056628328 0.4290658976818467 0.01858364192375121 
0.6391046951712182 0.7403938689344649 0.07687857424735119 0.033082963139504803 0.01694915254237288 0.6473288152246074 0.3442608408162917 0.23723140049670663 1.3545764447440905E-4 
0.37556118838904845 0.9198393456948962 0.11401375188316508 0.07252016613971796 0.6724137931034483 0.08587555969496478 0.539887278080465 0.7902429522357383 0.003115661180449748 
0.12342737738138358 0.8448432635011873 0.6783025645905367 0.05153121012174466 0.8363636363636363 3.6506070687251105E-4 0.7383809346904143 0.8889963586709149 0.09006358701689413 
0.40321218259154223 0.7479727039327655 0.015421612153914828 0.06465728197688343 0.015625 0.5767750164961675 0.28369018086926623 0.315614073952785 0.03872063362204631 
0.1987303946306542 0.6580452710093931 0.020661367536187115 0.05566420105649683 0.01680672268907563 0.6185237847754175 0.28978740150443427 0.3219730229272493 0.05690599560948732 
0.4508648027131661 0.7610097092430801 0.021958402828040728 0.07058646102640652 0.0 0.556078096064329 0.2799904372250781 0.30639645147517125 0.05795007850336157 
0.4750815999352739 0.773235134671282 0.03376948780931136 0.07092294887848127 0.009433962264150943 0.6333245856830575 0.300756828706887 0.381078125 0.03241754632335803 
0.2801453408749869 0.7411985520410362 0.009676839743885212 0.06120864005690046 0.0660377358490566 0.5503830105740134 0.26877563418726924 0.4168125543252994 0.10454028808835573 
0.5767134036459233 0.7641946591654913 0.01293296096092335 0.038357156963006185 0.025510204081632654 0.32972779548315384 0.5515636646049258 0.33105911823904866 0.5826777483903841 
0.768596949840466 0.8480571660945495 0.013975328557955585 0.04767038669930923 0.03535353535353535 0.5687457449600295 0.3421022555408999 0.41114988452266565 0.4445369288098715 
0.40137861817080867 0.7483131355107993 0.03703399360321494 0.06552136104235709 0.02586206896551724 0.6594079732930079 0.3958336795887111 0.2855878469552096 0.277499823634054 
0.4070304995715026 0.7858886822653802 0.01328802746825568 0.07750188235757346 0.04504504504504504 0.6239224489095848 0.3331362455368734 0.36960065133319764 0.21793877302395134 
0.396415135134028 0.7642661806380912 0.024775025940659768 0.06484379119268437 0.018691588785046728 0.5407218858573102 0.24625308159038284 0.324951171875 0.3101068097983079 
0.5008348854824337 0.8298046686781526 0.030040237133387743 0.03995219327144766 0.041666666666666664 0.5386465394822765 0.5096173896575062 0.4186627676548681 0.13153002897137367 
0.5314039703882354 0.7978699364266968 0.02085004339228358 0.04018470072382881 0.013761467889908258 0.6435781403891501 0.3018926557832272 0.38295844131303314 0.04051547223960011 
0.8116766968358339 0.8190847956811311 0.016664422412976644 0.04262635908338 0.02040816326530612 0.4706269958051335 0.5142068234968196 0.36831527129102076 0.19664287118068388 
0.8130755814305732 0.8407703013363466 0.05356066995846529 0.042431643063783095 0.0546875 0.50286706073224 0.3174927434587309 0.5120000000000001 0.09812614753316473 
0.7264509785313754 0.8516452647987631 0.015081426247030842 0.04770656366945446 0.038461538461538464 0.7070380615553247 0.22234937512121966 0.4486058468981918 0.06626152995821677 
0.38026867652789964 0.9555889004467042 0.08259168360479177 0.1370178582415752 0.4411764705882353 0.09921775957164133 0.49444798082784214 0.5542547376093293 0.0036537722662272364 
0.38229870014012945 0.8802456939313822 0.7246137371126705 0.04987066974899137 0.7 4.35815373346567E-4 0.7497713599011773 0.7938322410201697 0.08968134707733884 
0.6693406229032289 0.7947084470581764 0.017896506753527983 0.0388398807981417 0.023668639053254437 0.597505926030986 0.33032424853906106 0.3780537096040054 0.12265376240602677 
0.4640671918061496 0.7248457334524163 0.016500134771166915 0.03277910684248183 0.045714285714285714 0.5033421591026916 0.42644232478385613 0.3309851881101929 0.08097479777029382 
0.6595823461792721 0.7810714448784286 0.020180756889844855 0.04090804085661226 0.023668639053254437 0.6225998724904732 0.39373041210851 0.383547306060791 0.1400642695105965 
0.751670667693271 0.8134229488733803 0.023050671899077314 0.039779089366839125 0.03424657534246575 0.6070605579046885 0.33881773986237074 0.31290727852426475 0.11646982912595306 
0.5603748547645996 0.8118978889902471 0.025800848474614658 0.03548822222093177 0.049689440993788817 0.633751615183795 0.2515459145261083 0.36264213744762774 0.10127454620840981 
0.629642661170624 0.800008952326285 0.02814757695009258 0.03687108541794244 0.055944055944055944 0.546513554164806 0.5543805887396585 0.30917697872799915 0.5123994111711594 
0.73613510996256 0.8135362511155917 0.044640621354556875 0.042374682351279586 0.015873015873015872 0.4367331738392706 0.5198717257321988 0.45241312214070084 0.5574728371702709 
0.6772380915696545 0.7833626946940271 0.052031998341001896 0.03878654149973436 0.013245033112582781 0.36317615475072135 0.414114562980774 0.46208577350861263 0.34590456856243396 
0.7211221747814064 0.8226479723362431 0.014865522453135353 0.03905250947156683 0.04487179487179487 0.5908792075515554 0.435311277964751 0.4562507248637257 0.14082739154305687 
0.6899530386992705 0.7705155579851825 0.02723184126481218 0.03767644826671154 0.025806451612903226 0.4084675159682832 0.4475339612196094 0.3907660938819422 0.15991498204491822 
0.7977058715486004 0.7768265181823838 0.009094341176209941 0.036066872687199235 0.02727272727272727 0.5298148625163172 0.4755866726863217 0.36960065133319764 0.17615085032191813 
0.7711193631744676 0.7836455707196264 0.026392786703314464 0.035057808893956 0.03597122302158273 0.6117372086465097 0.2651281835602357 0.4024666889243887 0.02407805307218479 
0.8365738313624899 0.8468802725511824 0.013229194206471208 0.043988769560509414 0.0 0.4718928640321532 0.4213366747366766 0.29033078001302987 0.26216110787753283 
0.9164223102276448 0.7812957118724217 0.044422833948069916 0.041718179718143365 0.023529411764705882 0.6456057028851535 0.255574765066531 0.3179682219742689 0.17991042637110632 
0.7497857991488629 0.7888131259607211 0.02544188159123588 0.039605228878404924 0.047619047619047616 0.62171792585243 0.22318114674275558 0.41762796828606447 0.03270699086611908 
0.6550321043217043 0.8455557784388783 0.04268682351858057 0.041319271626801296 0.02127659574468085 0.4628512356720153 0.4600494381969231 0.22261179285972676 0.7844048690566776 
0.6170497161156872 0.9373400761749018 0.16018762384803892 0.07679073829591228 0.6739130434782609 0.09129029228765856 0.4867511771404328 0.8006559766763849 0.002148354562820877 
0.6287998307372654 0.8080552721013476 0.5909629909337576 0.040713581774765334 0.8085106382978723 8.344264364475572E-5 0.7697094010534946 0.8697407963936891 0.17183701312438757 
0.3682207358372589 0.7720461605213178 0.0246992949616744 0.06598315434076411 0.017241379310344827 0.5778443466573389 0.3164945653480986 0.2807050399524889 0.1996139402913968 
0.2738267970086358 0.7422513011879418 0.02252547435118167 0.055234835763952814 0.03278688524590164 0.5429187707908821 0.3844184256965154 0.421875 0.054883283370352476 
0.40547215842765205 0.7532171146257148 0.0175570678549228 0.06401369646078416 0.036036036036036036 0.577464071478328 0.4925023477780972 0.34847330183407005 0.22092820030573837 
0.5591521029786365 0.8386905055362865 0.017132173021518968 0.04751814266046535 0.023255813953488372 0.5476633394848813 0.4273915575078836 0.3366483110051779 0.16649408674546226 
0.16291922207334822 0.6855497329100528 0.016993076214591903 0.05678723197873735 0.05454545454545454 0.5991023331125283 0.24855403324801262 0.3931210459456399 0.186500057579311 
0.361245540492367 0.7302351665468853 0.02314325757621089 0.03415042885644821 0.0273972602739726 0.43071270983816967 0.4841662824438834 0.38807734581721953 0.48964209236725625 
0.679118570160078 0.819786090701129 0.014270111683589524 0.03940434098820947 0.045454545454545456 0.40990876144747435 0.42662956006471475 0.38467317806160783 0.4606687434649977 
0.5158414042041726 0.8208070443434877 0.015466261270490087 0.04599049129699039 0.04591836734693878 0.5112868724165895 0.5059371032216049 0.40565085108853033 0.4707689873747051 
0.41955754502084874 0.7498162638684562 0.02682557977916791 0.07493043942746998 0.02 0.7109654963980016 0.1980541700231646 0.4000583175389998 0.15224034672351394 
0.4541365749496383 0.7938373310095685 0.015467450037164937 0.066897178300624 0.02702702702702703 0.5913579653064606 0.29172239318446636 0.2132069313718833 0.08709392982937111 
0.8675782061078272 0.8259840548748804 0.019224573319985144 0.04163538904373588 0.05 0.4896214175895868 0.3841348354762687 0.30492575102412384 0.3286542139184862 
0.5639507898843837 0.8138247707934929 0.012199806530432572 0.04100913172127324 0.05687203791469194 0.5228715348510956 0.45190877054389256 0.3671376502753833 0.04970953346846758 
0.7611567712946271 0.8328076396485784 0.04166396586450405 0.04907558926850903 0.03787878787878788 0.5743937122697066 0.5005040048917084 0.2872266408669918 0.44373530924802174 
0.8176657468352252 0.8567726388271792 0.020642425534614695 0.04818871480855824 0.035398230088495575 0.5640269355131898 0.4206906726338475 0.47932933344291945 0.3477839726518052 
0.6899350879008772 0.7854057526694592 0.02460890764876769 0.03989169234914283 0.021621621621621623 0.6434042534844329 0.31369068438210224 0.39886884859396443 0.1156859034874354 
0.21778179667029307 0.7713200788486201 0.013172392301052794 0.03628624217565649 0.03888888888888889 0.3346328064612599 0.4755625957904156 0.2896630461902962 0.5894722594500006 
0.7141118044658816 0.7652969798002351 0.020236090453930055 0.03361066840703075 0.009433962264150943 0.527815300518743 0.42888199366340707 0.31372115173890325 0.5986747229547686 
0.3299594141752786 0.9014353517745445 0.08943349801553137 0.07644397014877219 0.5961538461538461 0.08169157963930082 0.5711197145266409 0.7657937065968041 0.041007445639510524 
0.3174336418334265 0.8834432728120624 0.6846142167744586 0.05815015136964694 0.8085106382978723 6.627968340833769E-4 0.8629872096506191 0.8697407963936891 0.0024970796159119475 
0.4698221992007173 0.7524028114286283 0.02008641733418522 0.0663325913447526 0.019417475728155338 0.5131049447244179 0.27262686024532057 0.4433222656249999 0.0814112674817353 
0.12152419672237193 0.6267776704207044 0.027750007473461662 0.05442302357873159 0.017241379310344827 0.5378389919136602 0.5006103915397966 0.32801672885317157 3.3459139939756506E-4 
0.4416915906137938 0.7890956606224919 0.02187743952343197 0.07370941005643976 0.018867924528301886 0.5287696891227471 0.33717601421456767 0.31372115173890325 0.06693313801968079 
0.6233256765677414 0.7863441909752344 0.020995334130786934 0.03848288902519648 0.05909090909090909 0.47261943199862316 0.346813242687005 0.36839745394701184 0.06953144124435345 
0.5035805324588365 0.7983232054964131 0.016502841732279762 0.0714609309156382 0.0 0.7098960419969498 0.17244629259381195 0.244140625 0.016937280474103825 
0.52347822074737 0.785585795583716 0.038760104265885456 0.0684219944164907 0.08163265306122448 0.6003969685604448 0.12694618859155904 0.38270049894991737 0.010251682770082352 
0.5362004526241222 0.7869743812870781 0.018009960393431942 0.07022379820088849 0.019417475728155338 0.5095927287843424 0.3050054827412445 0.26688550885951 8.691314406456644E-7 
0.5116410797190812 0.7617922630018203 0.017388170771949738 0.06910442485883517 0.008849557522123894 0.6791292005665459 0.2538537985799356 0.42663294414364317 0.004955301768834849 
0.5900504708845669 0.8431051699281753 0.01029012894762133 0.04287655854938291 0.05025125628140704 0.4972490056710271 0.44200245234424007 0.4245678110480058 0.10434437805316633 
0.6955138620752342 0.8138075017246094 0.012386209481630167 0.04310930152226611 0.03211009174311927 0.49812857630581314 0.3568841378244588 0.3501332226860701 0.07048244877573985 
0.7000643212297717 0.8334385427745528 0.022343243511934344 0.04498158894536806 0.025974025974025976 0.5956221128874692 0.38649125526585615 0.19057762448195487 0.019911602587828613 
0.6933431032084467 0.8328736143208911 0.022266991944586707 0.04402797175130411 0.03296703296703297 0.4726480176319222 0.36224195656222646 0.3536075072886298 0.13665420703435122 
0.7909829465934317 0.8377952288069541 0.04078938066182886 0.04596047139085632 0.04195804195804196 0.5800163929760226 0.34231736741743446 0.30492575102412384 0.011835391428424534 
0.9171637784038427 0.8216264694001416 0.060672665796531036 0.04177603556724544 0.008333333333333333 0.469442943382373 0.2966633741369924 0.40841193649088653 0.002276688866720896 
0.7549626365260405 0.858874714081915 0.012375451834967192 0.04920899479341481 0.012658227848101266 0.7248124938333795 0.17975978052945008 0.425259008 0.20191616637213614 
0.8216999402975451 0.8769004538949468 0.016106932966138438 0.04915286817715394 0.03954802259887006 0.5838541765870219 0.2661893515190624 0.4006843867800337 0.041075585312312875 
0.9355194879384917 0.8464553589960371 0.017586848726428687 0.048843018928845676 0.032520325203252036 0.46326652721608647 0.24086889887042817 0.39551568534910375 0.020252680752495755 
0.7353344362076123 0.8335242868653113 0.018803711176292894 0.04523401715543158 0.05291005291005291 0.4538655848506992 0.3349147788378488 0.32871021008015955 0.06711006385795337 
0.5208210338710701 0.9387835133246326 0.08429854964818229 0.11546958629115607 0.5 0.07589458296613823 0.40087147318646077 0.7702546296296295 0.03440936950391989 
0.2313148847051321 0.7315695030108782 0.7162530791586352 0.034899978902140236 0.8205128205128205 1.3949285732838156E-4 0.7310656903987194 0.8424211248285322 0.020823172239793044 
0.5534640052244058 0.7761356582838299 0.019759661882754347 0.036889796957039776 0.059113300492610835 0.45931035037233997 0.42099764312004406 0.4140627003070245 3.7212294659614865E-4 
0.38621326617596735 0.7243267301801822 0.01313507773060344 0.031610916711087456 0.01507537688442211 0.4356666479635574 0.42278353850524764 0.348835414692375 0.030966629463738172 
0.6570208761741078 0.8130106256735705 0.014916763665741524 0.03640964898009976 0.0582010582010582 0.5229151642635147 0.38843556267811685 0.3797203657386527 1.2850799252712929E-4 
0.559865547182249 0.7745849989194715 0.02267281807588673 0.03687108541794244 0.022099447513812154 0.5811734148796778 0.4445708865594724 0.30297942233585917 0.0032129953256557057 
0.6439847747555182 0.855006686305704 0.0300162902800433 0.044433624284188 0.046357615894039736 0.4068889007716623 0.4539007548782188 0.4007852555519309 0.20012118057741168 
0.4962542957791114 0.8047668135501373 0.018639572300367876 0.03843803192984201 0.017964071856287425 0.43063730993769295 0.48065945432584667 0.36273908330456817 0.35403655858675664 
0.568274995812983 0.7926493545769446 0.015969430614932976 0.04056925207639389 0.05056179775280899 0.48175376936222664 0.41939432909189966 0.35171992672501534 0.24238003475800934 
0.43799658480480885 0.7962619651542984 0.019534399635485346 0.03748363466678292 0.0196078431372549 0.3950981908064082 0.5193015830621169 0.27291572068781716 0.1155135128748611 
0.7371344116822468 0.8336919258156856 0.01754499525604534 0.04658682727032488 0.04938271604938271 0.5700969901766874 0.40991306030029895 0.3697472600785473 0.18140424775597794 
0.7971066939027915 0.7837266590855965 0.037042130013312406 0.03767644826671154 0.026490066225165563 0.5442176586096912 0.31227373267896696 0.34558541629543227 0.47538532336780687 
0.6311552942490382 0.7515193782659244 0.047199501539615385 0.036066872687199235 0.031007751937984496 0.4808811888173343 0.4265286827151268 0.2962962962962963 0.06864998052264218 
0.6683166423049303 0.7849503285952848 0.011490936689463771 0.03841109252791352 0.02564102564102564 0.5675768917282612 0.26788962266935645 0.36073795276050613 0.08903197803192056 
0.6051463132004276 0.8111289600865249 0.06564932747432939 0.04009013824214647 0.04032258064516129 0.41789542108182626 0.47443016870165433 0.421875 0.1122904346884985 
0.6172335078100456 0.7522899803709256 0.025021518176709223 0.03619102752144964 0.03571428571428571 0.23733091722292293 0.34307368768098667 0.3797203657386527 0.041661444695826486 
0.7925820722415796 0.8258413920540851 0.02047111083850207 0.040840507932549085 0.038461538461538464 0.6176552356967331 0.2867344625924687 0.34903505342161856 0.19826222648227662 
0.6432034476545898 0.8578223104756244 0.02003479542405738 0.04308528296629877 0.0 0.47996759703310765 0.49558843339351455 0.2767667798158501 0.681059644560035 
0.8902602377314914 0.8538372440847299 0.024429783935723967 0.04517295196774531 0.024691358024691357 0.46087384092342853 0.37213938347084385 0.421875 0.5612788628865538 
0.6708328669641753 0.8427723943480898 0.012821615954844406 0.042358393793171994 0.04895104895104895 0.4368515197954992 0.378681767592557 0.2920433047906235 0.39153961949869065 
0.7977894824483386 0.8323078547776042 0.018416206261510124 0.04571205493632835 0.021739130434782608 0.47530846835931245 0.4008415532109213 0.2962962962962963 0.11799085675921611 
0.5029602785248084 0.9073426580505836 0.07911590690298263 0.07312192491802678 0.6923076923076923 0.0836138410171456 0.5419185381419124 0.7666996138845743 0.0027721465350565746 
0.1608588202886843 0.70833608598592 0.7123466714959937 0.028293182711737776 0.8478260869565217 0.0 1.0 0.9333560293012773 0.6544567220974672 
0.42203883085349 0.8168899663283992 0.03919913671416374 0.035556216687418846 0.020134228187919462 0.44870766443020643 0.5620786540255478 0.3338129948794668 0.9548670297642909 
0.27293382899108165 0.676339274107691 0.030522679713209787 0.056108731460415194 0.006802721088435374 0.6936346452006453 0.26686152643908545 0.35093542160167646 0.12181525540881374 
0.41798569998762924 0.7565281067818224 0.025986647552034736 0.031578153617076596 0.019736842105263157 0.4636749115187054 0.5956517915380719 0.31245444606413997 0.9514663974406773 
0.5559310912427673 0.8405762326253804 0.029214739979958073 0.038545601259365965 0.05303030303030303 0.5005249412351916 0.5374205402265209 0.24727059514751062 0.9497241213266002 
0.23754552998724632 0.6247685194694479 0.014345724294670905 0.05180501229723697 0.014492753623188406 0.597620081920482 0.38113240168936446 0.30518460139318515 0.03728604735518793 
0.3148715048232549 0.713839412504107 0.013537033398499954 0.06278919593132168 0.036231884057971016 0.6094611042541225 0.2383195035067377 0.25770097670924114 0.33266564670169246 
0.41435969217437896 0.766194032836308 0.016819245621951046 0.06884930612862306 0.05737704918032787 0.5724070011439089 0.4641908803590439 0.3831567283860622 0.5311271920339821 
0.21310782841415724 0.7337770844769755 0.015475608398106732 0.0543087827035504 0.016666666666666666 0.47629155621727376 0.5334438333754888 0.2615728803753129 0.7223058454755645 
0.1866886003088498 0.6467854531682353 0.013217213858243001 0.05670818766442146 0.034722222222222224 0.6247417544705397 0.29746694872169066 0.4329764116051615 0.03102234563441082 
0.23234829055335293 0.7232532915030484 0.017075391618406332 0.06152351296357169 0.021897810218978103 0.5329758482697685 0.30738598964727093 0.26214400000000004 0.09489703958948581 
0.4647931337057844 0.745910955678297 0.018120631525929687 0.03390707353143838 0.02702702702702703 0.5227539726459564 0.4796733205099183 0.3736831900067267 0.5430990954793302 
0.2538802267749876 0.7359783153331233 0.015773615452522337 0.05684189057518928 0.01639344262295082 0.5753667091142091 0.3386833650455021 0.43091487435346704 0.019327768833042613 
0.5101201339590614 0.756114770158544 0.01693419731688249 0.03257849196730738 0.02185792349726776 0.46856025009290214 0.5122283709852828 0.3429999999999999 0.5011537932090793 
0.6127319914309807 0.8095004029548861 0.055505377254711136 0.037382240166201605 0.007874015748031496 0.5781993235986426 0.4990680881506354 0.315614073952785 0.7895087009279124 
0.39132868204999066 0.5709147802086914 0.016665662311863935 0.05265720164931419 0.0 0.5856922566315057 0.41685353188296415 0.38467317806160783 0.11619956400930792 
0.3448622097526214 0.7477211383933483 0.025684167242278868 0.06145617600837441 0.007751937984496124 0.6238514499671285 0.34488042119523876 0.40946771865697495 0.03785064216129725 
0.5721292506047065 0.8142528655952711 0.029071077950752727 0.0395703651138325 0.018292682926829267 0.5584604814971628 0.48408188315278566 0.38014765793311117 0.10035037269225004 
0.2268580191238431 0.7363692879850667 0.0164149977026546 0.05947024729378852 0.04032258064516129 0.5536410475001545 0.4666801259439861 0.44399691894029947 0.14822509790372182 
0.5119495872003441 0.7578593111522813 0.02275904327327834 0.06520462685891629 0.009615384615384616 0.6447136168692875 0.33934175031693625 0.30799087908212547 0.07604826811288636 
0.5284812698984596 0.7593042357992776 0.017232330541565772 0.03731757295327671 0.030456852791878174 0.5309382657268229 0.3849721952491083 0.34004877342425777 3.4864151805357173E-4 
0.15806510310569233 0.841046337493399 0.11885625826447146 0.05234172880513804 0.7183098591549296 0.10832849710318622 0.483979497442936 0.7865270823850707 0.007108455020229666 
0.1135488273689236 0.7631488116273921 0.7066606939089977 0.033228657925512536 0.8571428571428571 0.0 1.0 0.9032962962962963 0.1917752139705345 
0.22132504022007282 0.6653215952726199 0.010722930736020672 0.05357960096510509 0.024242424242424242 0.6042212708634256 0.2838599007775475 0.37324799999999997 0.08671635039504218 
0.33660080097963047 0.6847280713476036 0.019052658977281242 0.03046589575481111 0.014778325123152709 0.6139144668101375 0.46654744634101475 0.37561531643541374 0.833964007368377 
0.2127136638830944 0.7120754182350537 0.0135166529275021 0.05742167836813579 0.019230769230769232 0.5842782761123892 0.26593917369234166 0.35171992672501534 0.1022341107451039 
0.37722858376797713 0.727141471621972 0.016798050418345832 0.05727728163068384 0.023255813953488372 0.6092869503777535 0.3072712024731502 0.3644314868804665 0.0972374591552496 
0.28007289972762867 0.696377961765769 0.016152826994936916 0.05684189057518928 0.0425531914893617 0.6531520950463322 0.2597210359300911 0.37671467764060357 0.003843266940747352 
0.22933758605941515 0.7516686272115822 0.015934315623860086 0.06612941230374642 0.01948051948051948 0.6101843112136215 0.30642154483250617 0.3442579449592379 0.052194991865091724 
0.21759342064951898 0.7210737247219706 0.021201800303862043 0.05981735285196732 0.0392156862745098 0.5023953123199056 0.4547240746696988 0.3042323880360137 0.09789352165877191 
0.10462113735179265 0.6803532126659961 0.016169112952760117 0.05254568829736675 0.047337278106508875 0.4476226331940028 0.4258919166176156 0.3935499052307046 0.10173613863573717 
0.1838738190956186 0.7060313949349347 0.011622934071776345 0.059161943450772525 0.006944444444444444 0.5386392509109307 0.49536840114739167 0.3885850788699583 0.01595541403630388 
0.3238353908908711 0.6200187651324054 0.01711107513027017 0.05308791588932628 0.020134228187919462 0.529594630175963 0.19324461643032698 0.3417007589592327 0.0026669693026766896 
0.5051519526734466 0.7576599302857245 0.02331671595513797 0.03649484000799208 0.027777777777777776 0.5235279972317562 0.5132540545635784 0.439381458102468 0.07834361381070161 
0.35221481621322953 0.7576442780538373 0.027877464117155807 0.06232588211214134 0.017391304347826087 0.5952113471852403 0.19558306095034717 0.3344254019947079 0.22922524800689809 
0.5778474486687036 0.7663173927247149 0.018477168219522493 0.03940434098820947 0.03431372549019608 0.525070276600747 0.4170855635829872 0.2962962962962963 0.07831861668186751 
0.6863933138015903 0.7772163731198171 0.03475913317498524 0.03761228689236729 0.037037037037037035 0.5930418508010143 0.4226011900702805 0.3418062655740577 0.10219541054704807 
0.3068881070360436 0.7049190128645246 0.020639356004851634 0.05678115555349082 0.009523809523809525 0.5665010014159294 0.37721793023979 0.507442163373286 0.004296827825430401 
0.3195140712674928 0.704174284824122 0.02647638121720174 0.059161943450772525 0.0 0.7106970501850421 0.30844244006839905 0.2916425134859308 0.02802908353946311 
0.39902194606090163 0.7481079952590561 0.01691622489556304 0.033733634677779026 0.010416666666666666 0.48040584776435646 0.4248999975862562 0.31210957363825476 0.05208361851011876 
0.13617361993046026 0.7048921480448538 0.02400236720482449 0.05466341471683808 0.029411764705882353 0.5452186356796996 0.2703363943479491 0.39437037037037026 0.015482107755174057 
0.3480027537563803 0.8080177327907773 0.015869037192514552 0.07417139625739728 0.008928571428571428 0.5570624792949965 0.29823059133850294 0.3344254019947079 0.018453686812608068 
0.37164599474051546 0.7438789343044314 0.02017212368632361 0.03323904025912802 0.027777777777777776 0.475516453473725 0.37560918613664473 0.3366483110051779 0.0036106747121363698 
0.25998816901605387 0.7158463249370948 0.010654725932051247 0.0570358080359383 0.006578947368421052 0.6418924206174307 0.34836942041872565 0.3288883406092049 0.1294916695353585 
0.5882890393944405 0.9156186022671534 0.14061491532689532 0.06978018164357633 0.71875 0.11125491766901341 0.5507367863925274 0.8100876915361356 0.008642619770347243 
0.12130068386489788 0.6607806973212285 0.7131570813474685 0.02742622651323561 0.8297872340425532 0.0 1.0 0.8697407963936891 0.6646851875634844 
0.4982400303764863 0.8089134299807863 0.037316275985261924 0.03621961819939499 0.02097902097902098 0.5442993635145701 0.5967848543774708 0.3525272407027178 0.9530577919035473 
0.22132633619993156 0.7000035252991983 0.016589494449351802 0.05926683026434032 0.013888888888888888 0.6699342961430363 0.26831403605033843 0.44807890194789185 0.13374481412657385 
0.4829391484616322 0.7605551893568094 0.04914932367847166 0.03409987304951878 0.006944444444444444 0.5698155109933901 0.5761602051698236 0.26737721182294044 0.9613200576125154 
0.46315276708659325 0.7345647533459607 0.026496626016339248 0.03348725060319068 0.022556390977443608 0.3945013176616379 0.5887831690867978 0.38185162569449155 0.9509541110034992 
0.26811758063413393 0.6091317590608204 0.018403410025064057 0.050591927538093134 0.022388059701492536 0.6514319444866109 0.3540659929846134 0.3775760675763684 0.04673614187604905 
0.28526484499388066 0.7395262353934007 0.010333836801530863 0.06310165009952343 0.022727272727272728 0.5639422330738231 0.30534935441530675 0.38185162569449155 0.3889491421295544 
0.41369079663025576 0.7777723530556164 0.02364795569318674 0.06533150479993145 0.0 0.5826882426558224 0.45523440902050993 0.3965694566039661 0.6081574859178811 
0.16500452423957515 0.6491767144097178 0.026273958117393532 0.05067370333640662 0.03389830508474576 0.5267189379247719 0.42131788683640103 0.31696093163035305 0.7596824598157473 
0.18561260466327076 0.6364507949801917 0.022418058799388643 0.05600409109345916 0.05517241379310345 0.5622916528659909 0.40256480564614605 0.4000583175389998 0.045497583052931515 
0.2046382052509913 0.7630501639101834 0.015198892278049405 0.06285510483253037 0.015151515151515152 0.5401153231930217 0.4604584622286909 0.48634379858830246 0.06374060511747419 
0.6380977277861913 0.7787704686436052 0.021354360969771124 0.03286320988474029 0.022222222222222223 0.5785637449208186 0.4077623082154016 0.36602986832224127 0.5019709758485218 
0.27035239773230046 0.6505790903535846 0.01074296367379431 0.05044850092776123 0.016 0.5745925021645981 0.33241226844117544 0.35079515964426294 0.01552816754530668 
0.5761101882527858 0.7609539175347236 0.03031990549056199 0.033641452112223025 0.03048780487804878 0.4738458319783318 0.4635379895963485 0.4251538066296515 0.5157196987264651 
0.6797370025803003 0.797335737772445 0.04008754174183422 0.03824905766784606 0.024793388429752067 0.5003152859004115 0.52350606245427 0.3219730229272493 0.7777107460335972 
0.4706900910944652 0.7243627069237633 0.015811084931378235 0.033228657925512536 0.018018018018018018 0.4887804735477503 0.5062903206217026 0.28814181630698427 0.08970460200828675 
0.36034214069710946 0.7589669665802958 0.027598604590351922 0.06525223499747244 0.06722689075630252 0.581665631952204 0.37561566065072605 0.4836372406779576 0.05817777248623151 
0.590094331115034 0.8070211869810621 0.026937264620462097 0.038545601259365965 0.06097560975609756 0.585489912016814 0.39233971304312887 0.35241824536987054 0.18520441267026036 
0.25431330188973106 0.6594393939053206 0.03635252414984668 0.05686009843126733 0.02608695652173913 0.4702424215350786 0.4817454728572046 0.27001385644433484 0.1788871694748554 
0.4467368765227384 0.7491220071653888 0.01931604621435202 0.06461457570935959 0.009174311926605505 0.43009777491285317 0.4055100664974871 0.20191762962962964 0.06523749168250638 
0.37783816233217765 0.7633149769403105 0.0353052558813336 0.035556216687418846 0.043689320388349516 0.49683744920937956 0.3943093356385011 0.35895826507539524 0.0028249512990670377 
0.3012406176698812 0.6442793627471637 0.08563116333068081 0.02732539445676227 0.009259259259259259 0.447585481941911 0.6800001416498134 0.4021029046539251 0.9878976413639807 
0.24942653834011896 0.7082846302101435 0.01983462756551286 0.05682974876354265 0.03184713375796178 0.5945035364623903 0.36721005977882626 0.3717077763622027 0.12718302084952726 
0.7219927328581139 0.9041853634005966 0.10315562579898138 0.07511900182576459 0.5614035087719298 0.10533362812994429 0.4891612128989199 0.7337750940437691 0.0019880967973564872 
0.21441840561027553 0.7562464487449215 0.7012847107632397 0.04070510595875286 0.7567567567567568 0.0 1.0 0.833706492977814 0.5953515486652993 
0.5032166808542874 0.8212671263172227 0.0833520420381455 0.04310930152226611 0.03225806451612903 0.3792516558823542 0.5862524437915213 0.40896136951569734 0.9560378212023525 
0.40210547317443535 0.7368715330962039 0.015672230996249998 0.0572230389148096 0.0 0.7117711060696283 0.22004460803819426 0.2274161999242114 0.12846876773002983 
0.4760417900153212 0.7381294507303954 0.06774994083446655 0.03619102752144964 0.015503875968992248 0.34977042443981005 0.6091700773673268 0.353499282180029 0.9401294049200994 
0.5874854075272898 0.8626375414024894 0.04903720328539073 0.05151111867509556 0.017543859649122806 0.44874302513352327 0.48805406817026387 0.3568569434137875 0.9422991980081353 
0.3372558469747454 0.7606208681559802 0.01431709638852531 0.05871702246167371 0.02857142857142857 0.5902068591270183 0.31738391859089965 0.3505938232269594 0.04331094707187649 
0.3081334317597328 0.7115527281070095 0.022923556813644146 0.06280567964088538 0.03389830508474576 0.6139372928495216 0.272076566591523 0.30137555174680686 0.29458083613806474 
0.6158493609026422 0.8461476449515464 0.02762757913581137 0.0494119193441959 0.0430622009569378 0.47154111716913155 0.3970384856638772 0.30799087908212547 0.5340050212579719 
0.497032211148416 0.7864212336339192 0.014445875950423933 0.04057775626935522 0.024509803921568627 0.5127966653879995 0.38411634363089164 0.3111579562436216 0.6932271262949306 
0.15606619368229036 0.7058849317693954 0.01896611280770736 0.05686009843126733 0.00819672131147541 0.5366871179035717 0.3937824597815732 0.37856736946534014 0.029693058316200647 
0.25212956641753625 0.7484186474799496 0.03277459478213627 0.060999707330269624 0.017543859649122806 0.511553394637954 0.3637338825159042 0.3619239396024012 0.10648561248252544 
0.6789904406667203 0.8036549934469879 0.036610627899712964 0.042763746510306684 0.06756756756756757 0.5799797896681091 0.3599471029205408 0.2566701740265443 0.5624700694173526 
0.4484851474891297 0.7540653549241348 0.01196389897919299 0.0344622195369471 0.017699115044247787 0.5054959026682474 0.3606607379779333 0.3344254019947079 0.023309471908381365 
0.7595019784071683 0.8268800448602849 0.013125681777745314 0.03970963651706371 0.022222222222222223 0.5303399820135138 0.33607504150000234 0.40585617461310886 0.5426346585728153 
0.9566704851205933 0.8566699578669738 0.03462520504355158 0.04614029785429092 0.053763440860215055 0.6499198388847497 0.3933832036103284 0.4570138984857758 0.7997820249973555 
0.5315203722954331 0.764082123180474 0.022181060729470174 0.033072531809231455 0.022099447513812154 0.43115998252595467 0.4922100789766962 0.3334334103485598 0.12169423387364457 
0.6059612251363795 0.7904648677590047 0.015591148076352129 0.0411351459434732 0.028037383177570093 0.569025760295085 0.3525085154257076 0.35118075472891863 0.04796245208459978 
0.6179947811249628 0.8261431234667074 0.016051873814883256 0.04166852505299496 0.029411764705882353 0.5770297624892842 0.411611062612952 0.39024806554392344 0.11745837098585951 
0.4818000259690715 0.7986695723511932 0.022461676688230018 0.039631356574844366 0.05741626794258373 0.44368640478105764 0.40134194737923967 0.421875 0.13518619401346374 
0.7487805562017513 0.8338849138055059 0.023512129003073312 0.045333072647257944 0.0273224043715847 0.603791650276821 0.3721795243880044 0.38467317806160783 0.11367927335908726 
0.5840778652923038 0.761548307517919 0.028067144637472678 0.03640964898009976 0.030864197530864196 0.4891095937319384 0.44587968322461513 0.39868825599999996 2.599958152170483E-4 
0.433435785667508 0.6965914842288592 0.0505672791896835 0.031610916711087456 0.22058823529411764 0.1285049974487798 0.7741332719638133 0.73299086707698 0.9956840720203618 
0.3610942314849274 0.730118797146107 0.02032848444494803 0.06304694558113515 0.01680672268907563 0.7339536617933704 0.2188651953467089 0.37185181192364486 0.13430316221703772 
0.5697174141052704 0.7719589665942241 0.06694186711111527 0.036066872687199235 0.031578947368421054 0.32871812164012754 0.6288078209278756 0.3885850788699583 0.9819570498479547 
0.3028725444377956 0.8809251603413217 0.09043678438310856 0.05483357852237633 0.7076923076923077 0.10533252923415544 0.5137501658086964 0.8130370370370371 0.01631069916216558 
0.11659527692823145 0.8599682675489264 0.6075801189502185 0.038221985074386094 0.8524590163934426 0.0 1.0 0.9000779039731028 0.16458772391965149 
0.21032810123724258 0.7238458102646403 0.023908710766176434 0.06297027941552844 0.02631578947368421 0.6164879369083499 0.2361152425973898 0.39344389376358185 0.015847494311800336 
0.23174225198282664 0.663260789820618 0.014088860997004444 0.054927886185686337 0.027210884353741496 0.6664112795902825 0.28432469137606686 0.4256194309087896 0.013009128731633544 
0.2080891103205007 0.685691047560815 0.02034446447024993 0.05761364439752313 0.03289473684210526 0.6475127671659134 0.3252312034380729 0.3366483110051779 0.02253994423372448 
0.18853866571527447 0.7052840447628739 0.021461034649854913 0.05678723197873735 0.057971014492753624 0.6138136637680123 0.3018752059665476 0.3458346964610832 0.013968070096836462 
0.39705213041859877 0.794464073942993 0.01914709120461926 0.0365892640726895 0.027649769585253458 0.5446431199994798 0.4262633222965492 0.3420989496731164 0.6443497119282169 
0.2782125535202434 0.7326028304012518 0.021999796508335376 0.059144444231227535 0.015625 0.6236615237880421 0.35467016489015646 0.421875 0.344941152591903 
0.2511032591277085 0.645312589163406 0.014609968139883198 0.054631844737469716 0.013888888888888888 0.5567092512551054 0.34376703695231814 0.36241061448966105 0.25278487477576234 
0.20872923646406602 0.68346838541017 0.020451959471892326 0.055453045231737046 0.032467532467532464 0.648816117431622 0.30945937989596894 0.4253711839445552 0.2237804454071506 
0.2871689199997254 0.7200751312714224 0.019365658690600526 0.06203177267130599 0.007518796992481203 0.5919971687340588 0.24874499624704494 0.3975422348870345 0.16964307381975519 
0.37397445043884486 0.6727003220598501 0.014816653211429666 0.05698133545256327 0.032 0.6151866149951023 0.18716822825519575 0.3553964120370371 0.2505103613349774 
0.45424203453209927 0.7475600136185654 0.026130605294077507 0.034422147175095154 0.0684931506849315 0.6247813007227597 0.4251886290135718 0.3412319622516777 0.04216045552586415 
0.15384896985587643 0.5917254628553248 0.016890992720863977 0.05067370333640662 0.03125 0.5494327872885494 0.36446656789912735 0.36886671015841505 0.0037433175359743716 
0.3912040039728628 0.7368347835589333 0.01919798532913451 0.032098350379569505 0.018779342723004695 0.4988364900424323 0.49691556592339137 0.41190986563276105 0.04796475955398839 
0.6232676687999664 0.8124984430556832 0.025878379930191337 0.03872421946005069 0.0189873417721519 0.6906782243022777 0.3439240341187706 0.391752876481769 0.051168266621573706 
0.40603562397237986 0.7459536080876169 0.01606984049439097 0.06464660805489954 0.01020408163265306 0.6017001263256141 0.21063901757081938 0.37900705277737284 0.13948600070898298 
0.37094152451283313 0.6933908522528371 0.017612683120974665 0.061641175633987674 0.025423728813559324 0.596382249183556 0.3655098537995608 0.3067528645276516 0.06862900156503163 
0.5035649811802108 0.7803357216760893 0.01797672340471915 0.03587502625909149 0.040697674418604654 0.6558793041894505 0.3805895401518826 0.3544324078288576 0.07037938202908472 
0.28915988832138506 0.7618433009011996 0.015758266106597682 0.06245308356560382 0.008403361344537815 0.6214469994431753 0.18269190066110497 0.33806876614432696 0.07462338569675069 
0.34176141714569847 0.7421399562278863 0.02325419176264229 0.061747439137724916 0.008771929824561403 0.5084284897364681 0.33611302597923254 0.2855878469552096 0.00772833513622192 
0.5665144540198015 0.7856699971041288 0.018820171618770597 0.03905250947156683 0.027472527472527472 0.4850801346689311 0.3283694483113825 0.40429918331652287 0.08403834234345844 
0.1932851661856412 0.719153991964522 0.01441394680461186 0.05990381498264416 0.02 0.6576400902184877 0.25109480132980255 0.447180948503969 0.05037647576611982 
0.20089927527934157 0.6313987577841423 0.02178133699987975 0.055359632208089815 0.012048192771084338 0.5948436904642256 0.3224352976796614 0.3336032694437918 0.04734877094530584 
0.14359059810991986 0.683222168422804 0.014577437074519424 0.056274525063847204 0.02 0.6038210619395871 0.2750655351121094 0.3288883406092049 0.061660349864293806 
0.2158947410907737 0.6989749423572857 0.016049063670707905 0.05761364439752313 0.016129032258064516 0.5748613778296466 0.2897768072514184 0.3644314868804665 0.048194138021852705 
0.12234009192407125 0.8536638565731256 0.0583982817270691 0.06152351296357169 0.640625 0.08731889060841255 0.5798675724732899 0.8100876915361356 0.002865612723833944 
0.6705259515996624 0.7579201454963982 0.6356393229939454 0.03990898768589694 0.7959183673469388 1.0383938295158843E-4 0.7970436725573434 0.8751541053669764 0.35178512785139476 
0.38384586922436703 0.6816943010202787 0.025153726730022953 0.06397056054182859 0.015384615384615385 0.5899137870317114 0.32728838346036737 0.33407848770495285 0.22134921506731098 
0.3692078428303832 0.7701907160377833 0.019227962139428945 0.0629428760113779 0.03125 0.6891573877427452 0.2477061688893789 0.3644314868804665 0.07340966059879327 
0.3103020328173425 0.8078171464295 0.02040978558195927 0.06979995780428047 0.04032258064516129 0.6264097179027759 0.25393800559556434 0.3921568842290721 0.2769142036935598 
0.35838856303070665 0.7757194538571119 0.04530605696171278 0.06916431603707851 0.017543859649122806 0.4509293717566125 0.4294220403257184 0.42663294414364317 0.19840607115537717 
0.25171103907783793 0.6999759106286558 0.019009231093850585 0.05967875289082205 0.017094017094017096 0.6726374048216944 0.2901260093153778 0.32289452501037647 0.2139809133034003 
0.44757786158149465 0.7668412519910137 0.023760541424424166 0.038221985074386094 0.0582010582010582 0.41928384006024916 0.41282725836077905 0.3856553218723744 0.7783896976359395 
0.5077491708178375 0.8685516283840429 0.01674821772390997 0.05746972999024171 0.07881773399014778 0.45214717321363923 0.42331043827116943 0.39300182201420036 0.67235610075312 
0.1995223142416977 0.68650008448782 0.028950379243937847 0.05878749700889787 0.04838709677419355 0.46188370047227506 0.30422270003054697 0.3574233829008762 0.4817243071793382 
0.3543447581839807 0.7489433559202108 0.016649285839743084 0.0631836180709904 0.025423728813559324 0.5699277503343868 0.3757363123571682 0.33806876614432696 0.23156725359428856 
0.41154280123462533 0.7247885383546114 0.01586974697411682 0.06469996005544261 0.017094017094017096 0.6799702220395953 0.23949934335772793 0.3991170042371589 0.18431040821942002 
0.6279305654261421 0.8317888301958896 0.027328073236713747 0.045333072647257944 0.021505376344086023 0.5045597394122683 0.31691953374698234 0.33575376326019246 0.12059944046618352 
0.295864833444846 0.7086969746402105 0.015568943964593903 0.06159637826205743 0.01834862385321101 0.5587050495848549 0.26367686594448336 0.3358791224735566 0.01613397745127504 
0.5506506651106474 0.7999692584222862 0.026607098998580405 0.03975305876789047 0.011494252873563218 0.42811522588903106 0.4343173482918481 0.3032951354980469 0.16531781414945462 
0.6436249212271092 0.8480706598193072 0.04978677145407959 0.046852702254347366 0.034013605442176874 0.5496193492598792 0.42763132097818235 0.31696093163035305 0.1639443542773607 
0.47896216523564783 0.7610131751489599 0.027528503469089926 0.033363376255325455 0.009259259259259259 0.5283747581780589 0.48502412013255924 0.2770386825382982 0.011309709809147916 
0.5719306946678369 0.8358915376358075 0.018889241274502165 0.04608043367357809 0.05263157894736842 0.3730544715393503 0.4649682148835561 0.3584327360695395 0.49248027907957276 
0.7051533694381675 0.80420514201829 0.015615291856852124 0.03995219327144766 0.030534351145038167 0.711297568506972 0.32012713398355463 0.3195554148356552 0.39454114674090307 
0.5699811049297332 0.7918858853617889 0.022521179147973018 0.03783181572283711 0.028846153846153848 0.5314015320968779 0.3764654824481829 0.3685727143883876 0.30697015310308573 
0.49206839287107423 0.8302232340567327 0.024720621588780734 0.08830636972741979 0.0 0.6196024078990993 0.27639847686709496 0.43897600000000003 0.022521315452995808 
0.4953835033180848 0.814553960405667 0.019001883333084 0.03824905766784606 0.01775147928994083 0.29154528758075204 0.4708453296474906 0.2855878469552096 0.2442093081181483 
0.3992588779868317 0.7291575266204573 0.014005325360302813 0.06710317471829293 0.032 0.6533551049274839 0.30858544312443004 0.4347886579291538 0.3233910982015427 
0.31721987677145763 0.7296536612860229 0.023166164244820115 0.06605110009970148 0.014492753623188406 0.5810252293364099 0.26790121413916224 0.421875 0.0845170082101466 
0.33751235588536227 0.7500057310222465 0.019463937457904968 0.0636786288004586 0.0080 0.6272761043173464 0.3033337567820752 0.254037037037037 0.338600895003198 
0.6625264877875247 0.8291597920222236 0.012301823228612745 0.04699241869771607 0.019801980198019802 0.7122863357783166 0.2853301463881244 0.3354201667787432 0.2738797409123877 
0.282496716537105 0.6650868034790268 0.018913081891203654 0.055880733914832746 0.0390625 0.6739082049971393 0.2617066748480573 0.33532118384604176 0.3260007451091425 
1.0780251686521352 0.896529508743168 0.0709472352171849 0.07286193082653779 0.75 0.11659133405441695 0.4261701523445979 0.823974609375 1.5818224647451496E-4 
0.11673007057140784 0.8666654230663755 0.6549588935746595 0.04492786123698312 0.8333333333333334 2.0689565841149388E-4 0.7107011478567654 0.8869062426970019 0.304341817797776 
0.4023333960520407 0.7587070373417293 0.029720489695949995 0.06802243912394611 0.016129032258064516 0.6028984944519574 0.35072695112798213 0.24911166306603552 0.35356835687729166 
0.2668601925148286 0.6326182985080284 0.024163736374146292 0.05505337843558601 0.007042253521126761 0.6405885769966544 0.3755688588026447 0.26737721182294044 0.10404625423351548 
0.4695842280218219 0.784340836003655 0.014140035989021452 0.0736016648254143 0.03508771929824561 0.5401858648834635 0.3786450365899605 0.33959274026186376 0.4842076445895601 
0.34541514784312416 0.7040465238443656 0.030704662882259877 0.06278919593132168 0.02586206896551724 0.5608175168946068 0.40170340559543927 0.37185181192364486 0.32986622226465706 
0.25031821840792556 0.7083800679847774 0.01640146644567544 0.05884029752581165 0.0 0.5933152932062373 0.36525654541790886 0.2725410080801942 0.17869624786114705 
0.47872240375511144 0.8169984913386863 0.021337527034715417 0.04086584585739325 0.04672897196261682 0.44313896659978347 0.4788481023210276 0.2934922490918568 0.7239233006506952 
0.5733367752297323 0.8312860526546834 0.029475633900488123 0.04553811481282627 0.04395604395604396 0.5852263626388615 0.4047755475199726 0.37856736946534014 0.8339944584314383 
0.4026712024022569 0.7399491072470876 0.024675205523792206 0.06279469098195412 0.017543859649122806 0.5006294541298898 0.28449054459497514 0.33959274026186376 0.6704093915835979 
0.2951720793949328 0.7381904255171202 0.01209125526706431 0.060733269901840754 0.0080 0.6705776231102643 0.2641999522901445 0.31086569769393435 0.17904572082493675 
0.5228713379710036 0.8259624167481164 0.01829100381432807 0.06778361161049355 0.03305785123966942 0.6035821242957121 0.22940408138300683 0.33806876614432696 0.07793269009270395 
0.49754283570979363 0.7959099227714255 0.016035907588893377 0.038221985074386094 0.030612244897959183 0.5547806515499084 0.4275051506963927 0.36588147783689046 0.2039570172694964 
0.22727421306812134 0.7856589241540245 0.025592610054157687 0.07061089809171414 0.017543859649122806 0.5109642213528999 0.28277232048993817 0.33959274026186376 0.014533728509695434 
0.502769019861028 0.7957444768182901 0.02489838704661687 0.03853664861698313 0.0425531914893617 0.4398369746636432 0.45905072638066213 0.3797203657386527 0.25287121092324416 
0.618025645195572 0.7816169266806553 0.023348422071509837 0.03848288902519648 0.04794520547945205 0.49959699408540104 0.561069650469983 0.39627707313827676 0.2560594381415915 
0.4068414203544747 0.6543159597608019 0.021308371623932485 0.04969045548156697 0.010309278350515464 0.5739089777531625 0.3653169664538599 0.3409902395011015 0.012490261932232292 
0.510979624106639 0.7884073380974235 0.02628015177703324 0.041907977579347146 0.041666666666666664 0.4925056284324057 0.3828762632233832 0.37248987971735753 0.45173669228691105 
0.7279843476646358 0.8640724579238223 0.01958457683829079 0.044966244722187375 0.015625 0.6485343756529446 0.36491782866494527 0.44310643200385136 0.5013734566105252 
0.35325893819424087 0.7188737595564783 0.03709614740096229 0.05522858853939355 0.029411764705882353 0.550757214560152 0.41029223869998466 0.3021828072605336 0.3219969567757349 
0.5252244903684932 0.8646437880538546 0.02629830229535109 0.07814476817076194 0.0 0.5042191873651447 0.2998431566869786 0.30242637211227275 0.02499739657817543 
0.6173420588811723 0.8475562528519481 0.023763515769262833 0.04359480882613507 0.0 0.48244797620703367 0.4886319199388498 0.39437037037037026 0.19548331590247403 
0.2999705478083035 0.7409191427429049 0.01949361328484239 0.06337990869321466 0.03968253968253968 0.5829836643962308 0.3540600221484195 0.3921568842290721 0.4464477826603207 
0.2732953301064914 0.6996935793416212 0.014566656702932843 0.05502830288045434 0.027586206896551724 0.5019680424885461 0.3612228940046496 0.34698833237912863 0.15165022118463956 
0.38766248943040277 0.7801212363086154 0.017740555400365593 0.06910442485883517 0.02631578947368421 0.6273568140367196 0.3291544568671022 0.4029879437453043 0.5164281780219405 
0.4835732609146402 0.8261804177999397 0.02920962582658324 0.045810076774936634 0.04072398190045249 0.5979111976665756 0.40291420510801756 0.32918961235287764 0.4170326956579412 
0.3881453583051799 0.7126217399249113 0.014984709400749774 0.061056246138709 0.0078125 0.6516381915433536 0.227809619398319 0.28694027334983574 0.2912165629017233 
0.4034818937017743 0.7416999000205444 0.01771411249121402 0.03470168196248849 0.043478260869565216 0.48581566602622184 0.528932717608174 0.3472785372699074 0.836946153700276 
0.6455120962324111 0.880468215586947 0.08285925438951224 0.06646250762603015 0.7631578947368421 0.11760038454440218 0.5537339193511621 0.8801359953703706 0.0011403393472618384 
0.0655607272297405 0.7473138787669706 0.7236758685512455 0.03240858993829575 0.8448275862068966 0.0 1.0 0.8948279489105936 0.5857591267983716 
0.07577852647357898 0.5607364130579455 0.011730277741516035 0.0489277178692207 0.018292682926829267 0.5696230212192005 0.44513164776891523 0.34891366399999996 0.5697457507445742 
0.27723194654503364 0.7171243499676636 0.015308311425904952 0.05884616132547002 0.01744186046511628 0.5736153846822547 0.41407251177122206 0.2791406685175574 0.11733419893100916 
0.1608825799449294 0.61459669520628 0.013058099537167559 0.050462178168334544 0.039473684210526314 0.5456773844401078 0.3546719286840957 0.3834415679692909 0.623014477051223 
0.22286032444813075 0.6349627524220305 0.01514798361422549 0.052539121317612625 0.014492753623188406 0.5949603988717906 0.336578035918885 0.3138935891581338 0.5555727376460496 
0.32041158615188337 0.7868226378134568 0.019850448850615536 0.05832789040269717 0.039735099337748346 0.697258577573539 0.27274069999036255 0.30028229204628276 0.2823295180342968 
0.19688701942954295 0.7460714056986146 0.014779986807372166 0.05926683026434032 0.03278688524590164 0.5962850367779406 0.38394473388719164 0.421875 0.7059800749332737 
0.20640034764433426 0.7063187118610412 0.04180265505442251 0.058392925828548166 0.025210084033613446 0.5212067152239588 0.49459335267671756 0.40841193649088653 0.8101382479630731 
0.18089881189218268 0.6580058206116588 0.014168609508895471 0.05167163150871801 0.00909090909090909 0.543950227399138 0.5202116765822804 0.36960065133319764 0.8817506268756942 
0.2682529933632203 0.6896706209486749 0.012348709476927091 0.06113531262692218 0.024242424242424242 0.5611121710160262 0.3947143676719034 0.2962962962962963 0.15798501008095012 
0.28777920408865937 0.6092165327668422 0.021588322597994036 0.051864921743619105 0.02857142857142857 0.6114438271099959 0.40089094883619014 0.34972530052592044 0.028810609242236204 
0.2633855075986293 0.642593010119068 0.030292432314596603 0.05100626050662091 0.009174311926605505 0.6409203335040742 0.36565032476054726 0.38807734581721953 0.35303240759210275 
0.12427990171926269 0.6309353597456211 0.013047974068762867 0.05399656912895787 0.03225806451612903 0.5175837638065778 0.41022637973051645 0.42882884470506333 0.01413932415457327 
0.5043145013376802 0.7536082469888623 0.016901135882195203 0.03421099720824535 0.022321428571428572 0.4718512274372319 0.5808252266067275 0.4099358600583091 0.3459886034070382 
0.557456712383108 0.7443094287778058 0.02106955956321145 0.034311706867403695 0.03314917127071823 0.4756199407737197 0.545146752316374 0.3581302186545879 0.47801036728414803 
0.27141077708990397 0.7024144101933605 0.017124092033166394 0.05409871453901315 0.015873015873015872 0.6229040640667202 0.4261617390917818 0.2725410080801942 0.016677651742905777 
0.2509045761236659 0.6753222217777592 0.04622068530563135 0.05640313871871766 0.02097902097902098 0.6004115071359615 0.33218658632388154 0.3885850788699583 0.28631880757093015 
0.4983744229675346 0.782905097884898 0.01531751983039377 0.03704846348263495 0.05434782608695652 0.3943116414393107 0.4833583416482107 0.40729537956786227 0.3711492831480702 
0.22677141910480453 0.6978117241647372 0.016303752162380888 0.05505337843558601 0.05084745762711865 0.5947262691095309 0.42130012643037074 0.37185181192364486 0.4434420913860114 
0.4580254002537056 0.7629691551615956 0.01990983457986842 0.06543704849523396 0.015873015873015872 0.5929909870852141 0.357493779099077 0.4347886579291538 0.03592168197043887 
0.3224021120411002 0.6646864848020795 0.019692729797451246 0.05386861499383655 0.05825242718446602 0.6509309324699356 0.3768979995428555 0.5260053131673159 0.11474869043086863 
0.06241570341499289 0.66762384600521 0.041573135279902806 0.05361179057507709 0.02564102564102564 0.5700306301807485 0.4981212403799319 0.3644314868804665 0.6519953558381386 
0.26594243489822217 0.6963645676730086 0.021074834553675058 0.05956300655826288 0.016304347826086956 0.578669349406136 0.3099399566772598 0.2962962962962963 0.15203334543866107 
0.12234641582393185 0.5648695132185338 0.022189865147577415 0.04767038669930923 0.007042253521126761 0.5218327384790968 0.4341536614505491 0.3175537511744485 0.6988585326005262 
0.29649362366667614 0.711793585807842 0.03331085932319626 0.061090144307030886 0.017391304347826087 0.56505898237916 0.3456034451641753 0.407813676913453 0.6717934768743853 
0.09797017172345261 0.6152149428672793 0.013747619779213861 0.05091824273524754 0.027777777777777776 0.5624592709017949 0.2422988992313414 0.34189592359552284 0.31679163448358816 
0.27746886571539703 0.7759261161430583 0.02532807856053618 0.05731943492150913 0.0 0.5209785934798862 0.4933636597088148 0.27610147534179386 0.7189375652524358 
0.25290493569070777 0.671482253413506 0.021352715946307096 0.05617633606854633 0.0 0.6118430660351564 0.4162406474931768 0.36960065133319764 0.8064453759385298 
0.2557386576736313 0.8224986393717714 0.10169229173679571 0.04513474427084074 0.6551724137931034 0.10556160197161946 0.4867339103555558 0.8424211248285322 0.0015168514273547003 
0.2286457731503497 0.85938744214728 0.6580418588199873 0.043197255303166295 0.8269230769230769 1.5251278864532517E-4 0.7391101153151278 0.8824809390645053 0.15327257783136583 
0.29420835766748193 0.694572781183642 0.01907560886640068 0.05668993101717114 0.0078125 0.48153114829257276 0.46126956073178993 0.3399466055410879 0.046630577886121925 
0.33870568087301955 0.6978772084603493 0.02116655003750254 0.05884616132547002 0.0 0.6015609728456525 0.3047118104582124 0.2817270233196159 0.015823034225959792 
0.3206943361344675 0.7956528384577989 0.021659554966007365 0.06361357314363118 0.008064516129032258 0.4722083240419883 0.32951738891734306 0.38768627025462954 0.055447133253481586 
0.3405963721595745 0.7816431908598139 0.0281417523205714 0.06613462982020911 0.027777777777777776 0.6020949970699001 0.2723635327938818 0.33045248672947697 0.05060474716699516 
0.30499633005778537 0.7481472840007222 0.023959714669550266 0.062176226614293326 0.017857142857142856 0.6459890285234383 0.3266854707074369 0.269047681826387 0.16525271055549168 
0.4630156374234187 0.8034443071277404 0.025125900040889885 0.079354077286622 0.028846153846153848 0.6349762705137791 0.19121556849091648 0.361705078125 0.23499931340578278 
0.3964726649651864 0.7732904429778122 0.015370960677274437 0.07646653530265646 0.01818181818181818 0.6135646948606269 0.23207043672180183 0.48654621692585065 0.17389563000608318 
0.3785787398902851 0.7886457122957354 0.018643928578859728 0.07157671969951244 0.032520325203252036 0.5903804608313256 0.18767441666623197 0.3366483110051779 0.15249202696421263 
0.37691291021473783 0.7818357683406212 0.020158139787200356 0.035942288989586506 0.0136986301369863 0.5024193192622354 0.4660110018544624 0.33248285637833663 0.49450786334135066 
0.44629771699634796 0.7476910475330925 0.019727888329727966 0.06729315998309482 0.044642857142857144 0.5351161672454781 0.36258451878536846 0.40715978017504584 0.09838461713587515 
0.5845389660129567 0.8122786674096591 0.022167766319814892 0.04056925207639389 0.027472527472527472 0.6248316337030567 0.3456346137513546 0.28322632770653305 0.0198831874158019 
0.41762920503596906 0.7128790918790555 0.015992430292574012 0.06127061780008809 0.04716981132075472 0.6527315719117368 0.26504192011073846 0.361705078125 0.03164833694146233 
0.5195228148504241 0.7918456330128736 0.020022032826999603 0.037968376685668374 0.03488372093023256 0.4615706685517828 0.38592284222220585 0.3032951354980469 0.019579585571008452 
0.699977840589854 0.7980633826882972 0.026753235196153573 0.03910548599531857 0.04285714285714286 0.5738429569403639 0.3967305801352923 0.35421438502925223 0.025109124926548956 
0.5873963756842068 0.8134970554255975 0.026798391673399112 0.0364380681198345 0.030612244897959183 0.5949656553229092 0.40546004996268326 0.2931991476663588 0.008269671668924306 
0.6072132149674552 0.8217818971325697 0.014976164050875939 0.04252911251012384 0.052132701421800945 0.44378807449093105 0.4328857324504517 0.3534027943408254 0.08386881692716244 
0.6938100434293745 0.8422712790418222 0.0313042873325851 0.0462970730418676 0.023255813953488372 0.5534667004875914 0.3980017402566466 0.36886671015841505 0.028765248739755903 
0.5461478215943938 0.8162944612449322 0.016494249975550237 0.04271530728783918 0.055299539170506916 0.6502665254412774 0.264901190699955 0.26121184125393726 0.009181862432110922 
0.7579510491881891 0.8331151844031743 0.013629596729959049 0.04640873106972571 0.031914893617021274 0.6138162526422145 0.17499249968380892 0.38768627025462954 0.049658470392746894 
0.6199662541412304 0.795685740237596 0.02848862342241279 0.039883041868210775 0.03164556962025317 0.3280093307050948 0.3379756604882379 0.4356307274008929 0.01830657580717697 
0.2545670206790006 0.7148794681466464 0.02980408305912678 0.06064799028584323 0.0078125 0.700412170406087 0.27800923469452754 0.38027416297631095 0.08900486569991677 
0.2980495489792493 0.7321353636066779 0.03041359146860496 0.06152351296357169 0.03305785123966942 0.4759208779687475 0.43554725709192077 0.271754378756574 0.045586512114946305 
0.27241226536207075 0.7216061115581796 0.022300496608396003 0.06064799028584323 0.015625 0.6278514784210797 0.33825110607833553 0.28218937611035894 0.09041853073951514 
0.6045451683202029 0.8425418611582566 0.027523772292971472 0.04473544981219528 0.0049261083743842365 0.5621123173827052 0.337721009555629 0.30230212134467616 0.07595256939903984 
0.33919611551796747 0.7045693890951404 0.03648217469798969 0.058369284966919885 0.0 0.5136955381289227 0.2346740005701876 0.34469243116584136 0.2627549071437726 
0.35868240691849623 0.7284592693458838 0.03704888212118682 0.0656896614924565 0.03773584905660377 0.5224850297112312 0.2600193631827049 0.3429999999999999 0.3788682606241531 
0.3970335218911449 0.7878115323808769 0.05421807041846978 0.06336357436657601 0.044642857142857144 0.5021129812299807 0.2353449964375639 0.3644314868804665 0.23628899797758737 
0.24956032639633036 0.6989288577777528 0.019656316161074654 0.060185392335000955 0.035211267605633804 0.5546415469148568 0.3598540730415527 0.36241061448966105 0.27124778899629237 
0.5931029960475384 0.9026911589663837 0.08485968642909289 0.07348437126112232 0.7307692307692307 0.1075752074769622 0.5252904838427285 0.823974609375 0.03928222247299165 
0.3262515514964982 0.7999961353828307 0.710283219158575 0.03663638484440079 0.8163265306122449 2.3621461158847786E-4 0.8490888063328715 0.8751541053669764 0.0874476330022469 
0.1937253101173264 0.6475805685688716 0.01765858273855065 0.05545926717231559 0.007692307692307693 0.6390650431576164 0.23577090717871418 0.41365688913012344 0.0027776888035158033 
0.37068662094692567 0.7369223996421401 0.029049864315723997 0.05912110388137182 0.034782608695652174 0.6307685020467645 0.22047688739923055 0.32289452501037647 0.009388809655138582 
0.3341178357369995 0.7016320800435978 0.0179770046477405 0.05829830486165974 0.041666666666666664 0.6074426156247614 0.260861182964397 0.32692455418381344 0.009352436458791767 
0.2923067485002724 0.6196619049409018 0.024845505165967584 0.05465078891352454 0.03508771929824561 0.6618196810167927 0.25576645229167694 0.45963338333196346 0.0025115211102129586 
0.3767051867489562 0.7729116514133516 0.014548117576044245 0.06336357436657601 0.01 0.6928036099212362 0.23934280853403944 0.41114988452266565 0.25611995201104276 
0.38922469921739655 0.742164791469881 0.011614447680547974 0.0342513166061014 0.03167420814479638 0.5086383860061666 0.47854656639354887 0.32120588808192113 0.5167828834833822 
0.3734804217262539 0.7406975394527813 0.015479385610479247 0.06513579811583503 0.009009009009009009 0.6942215686580862 0.2841530001590864 0.41704441741343623 0.30804779700322776 
0.21455554334253324 0.6596989999291482 0.03893968779592744 0.055453045231737046 0.007874015748031496 0.6039646250778054 0.37292193018936315 0.30104962291592424 0.16200900308920105 
0.27413245237778655 0.7042226391280011 0.027817429377415288 0.05912110388137182 0.009259259259259259 0.6745382819092899 0.362026588024279 0.3777630481280617 0.18291857904371758 
0.4269150996133225 0.7008324897625837 0.02841132902317298 0.03163273992163375 0.038834951456310676 0.51059337147798 0.5310404379844027 0.395733400400374 0.5914055369636526 
0.6111618331526094 0.7721459180085238 0.017531678291322537 0.033896895811403774 0.030120481927710843 0.5321760291674869 0.29563846493709167 0.32210073931724337 0.010151569465832642 
0.40862040996719307 0.7049617452327871 0.02461394506379156 0.031578153617076596 0.030973451327433628 0.5421370256175139 0.390711946484517 0.34558541629543227 0.0074154359553138295 
0.5882882086057851 0.8042744770411995 0.022560650814026834 0.0356724771067158 0.041916167664670656 0.5210494719817239 0.41981346820066845 0.43793453898752766 0.030972518941620075 
0.6121156318375176 0.7315058579970004 0.043474687511862474 0.0357304654578191 0.03571428571428571 0.5960540740944407 0.44977253220219726 0.47229428018770564 0.007513644829139514 
0.5486251404839934 0.7354888767587869 0.02127993272227847 0.0340897528910975 0.04020100502512563 0.641722659836741 0.3228888162024097 0.34698833237912863 0.01389685191777389 
0.5157714886025974 0.8092911064627946 0.012266651790667625 0.040261904830975755 0.020618556701030927 0.4150298852066134 0.4857296777841825 0.3213227185444337 0.35518877470172183 
0.6992709264411813 0.764145928321362 0.042194077108711626 0.03520513189441621 0.06976744186046512 0.6095978220100862 0.4054028319261437 0.40946771865697495 0.19933694397345095 
0.3610548578189808 0.767255151224818 0.017161302230162323 0.035057808893956 0.05092592592592592 0.49038450324722827 0.4296762514398468 0.36575829924590264 0.11259966560556996 
0.6387051237122101 0.752165076756234 0.016910781552759963 0.03586540699996721 0.039603960396039604 0.45510408467885133 0.37366736570207637 0.317380932810255 8.123522378823823E-4 
0.5078733755012191 0.7440820466265693 0.019817757935125118 0.03580763717937916 0.04225352112676056 0.5145080935598322 0.3979168133393176 0.4031555295251424 0.4943376307771224 
0.2107542309638257 0.7087247925221166 0.018098195828585854 0.05482728557709569 0.007874015748031496 0.5936770055626752 0.3965059182937264 0.3399466055410879 0.02769631594699396 
0.4128056453198136 0.6630249258534437 0.012999315249581997 0.05649482635233962 0.01639344262295082 0.6199023530079344 0.23725433305163446 0.31135939643347055 0.03433195413124483 
0.21219814398117862 0.6256926182810771 0.02686948717896642 0.056616845557882704 0.015748031496062992 0.643777334881901 0.32880848914027094 0.29149158584696305 0.048579763469684706 
0.4681028792533231 0.7524718659655852 0.014934556338169827 0.03715076896126659 0.03317535545023697 0.6264432164996901 0.2988348467712407 0.3165573311716887 0.014122351071739207 
0.3740948063678895 0.68901984484216 0.022026567609993424 0.05770340863434628 0.027777777777777776 0.6913138243355929 0.24903505916874946 0.43176229765932556 0.3715259849865221 
0.4539970657567547 0.8022658681913206 0.0437905886577291 0.03792291100454674 0.010362694300518135 0.48529634439022395 0.4203008216027396 0.25691290087463553 0.6328943707871721 
0.3549438446962641 0.7002114070862938 0.04052522607566982 0.05693893185894075 0.019417475728155338 0.6607598578058275 0.2924901092483946 0.37561531643541374 0.4908437857898448 
0.12296559472197963 0.6507906116573702 0.018848806243860688 0.052539121317612625 0.020134228187919462 0.6169064827458088 0.4343392215818731 0.329809166040571 0.29060170137823305 
0.4958272250449363 0.7190846498242897 0.023952693281168544 0.03343569206513993 0.023474178403755867 0.48275401737428 0.46785882750533503 0.4093696503869166 0.24685319496867494 
