Control	Regional Code	Program Size Quartile	R Rankings	S Rankings	Research Activity	Student Support & Outcomes	Diversity	1:Publications per Allocated Faculty	2:Citations per Publication	3:Percent Faculty with Grants	4:Awards per Allocated Faculty Member	9:Percent 1st-yr Students with Full Support	15:Average Completion Percentage	16:Median Time to Degree	17:Percent with Academic Plans	Post-Graduation Employment  (1=Yes; -1=No)	14:Average Number of  Ph.D.s Graduated	5:Percent of Interdisciplinary Faculty	8:Average GRE Scores	10:Percent of 1st-yr Students with External funding	18:Student Workspace	19:Student Health Insurance	20:Number of Student Activities Offered	Total Faculty 	Number of Allocated Faculty	Assistant Professors as a Percent of Total Faculty	Tenured Faculty as a Percent of Total Faculty	Number of Core and New Faculty	Number of Students Enrolled	Average Annual First Year Enrollment	Percent of Students with RA	Percent of Students with TA
0.0	1.0	1.0	0.5403225806451613	0.4112903225806452	0.456	0.6637168141592921	0.3770491803278688	0.453416149068323	0.4398148148148149	0.7379679144385026	0.004618937644341801	0.875	0.3932092004381161	0.47457627118644063	0.556	1.0	0.25641025641025644	0.49821428571428567	0.7857142857142857	0.041666666666666664	0.0	1.0	1.0	0.6333333333333333	0.6323101777059774	0.0	0.0	0.609375	0.5284090909090909	0.7199391171993911	0.151	0.616	
0.0	0.75	0.3333333333333333	0.9919354838709677	0.9838709677419355	0.976	0.6991150442477876	0.319672131147541	0.09937888198757763	0.060185185185185196	0.35614973262032085	0.0	1.0	0.3253012048192771	0.47966101694915253	0.4266666666666667	1.0	0.1623931623931624	0.03214285714285715	0.4928571428571429	0.0	0.0	0.0	0.5	0.4888888888888889	0.7066235864297254	0.37142857142857144	0.85	0.6875	0.18181818181818182	0.21461187214611874	1.0	0.0	
1.0	0.75	0.0	0.9112903225806451	0.6370967741935484	0.608	0.04424778761061947	0.9672131147540983	0.5465838509316769	0.30092592592592593	0.3058823529411765	0.013856812933025403	1.0	0.4490690032858708	0.0847457627118644	0.0	1.0	0.0	0.0	0.6428571428571429	0.0	1.0	1.0	0.625	0.07777777777777778	0.11696284329563814	0.0	0.78	0.125	0.06818181818181818	0.0502283105022831	0.0	0.765	
1.0	0.0	0.6666666666666666	0.4032258064516129	0.25	0.328	0.46017699115044247	0.27049180327868855	0.3416149068322981	0.6157407407407408	0.7700534759358288	0.15704387990762125	1.0	0.6166484118291347	0.5932203389830508	0.48533333333333334	1.0	0.27350427350427353	0.35714285714285715	0.7714285714285715	0.3472222222222222	1.0	1.0	0.25	0.32222222222222224	0.334248788368336	0.5142857142857142	0.63	0.34375	0.26136363636363635	0.2511415525114155	0.163	0.449	
0.0	0.25	0.3333333333333333	0.8951612903225806	0.7016129032258065	0.872	0.1504424778761062	0.14754098360655737	0.47204968944099385	0.17592592592592593	0.13475935828877006	0.0	1.0	0.6319824753559694	0.423728813559322	0.8333333333333334	1.0	0.10256410256410256	0.0	0.8357142857142857	0.0	1.0	0.0	0.625	0.15555555555555556	0.22649434571890148	0.11428571428571428	0.72	0.234375	0.17045454545454544	0.2511415525114155	0.0	0.9059999999999999	
1.0	0.0	0.3333333333333333	0.31451612903225806	0.43548387096774194	0.416	0.5398230088495575	0.5491803278688525	0.3726708074534162	0.4907407407407408	0.7775401069518717	0.14780600461893764	1.0	0.6549835706462213	0.38813559322033897	0.0	1.0	0.1623931623931624	0.14821428571428572	0.8357142857142857	0.0	1.0	1.0	0.875	0.011111111111111112	0.0038772213247172897	0.0	0.83	0.015625	0.14204545454545456	0.1232876712328767	0.0	0.0	
1.0	0.0	0.3333333333333333	0.27419354838709675	0.1935483870967742	0.336	0.22123893805309736	0.1557377049180328	0.36024844720496896	0.35648148148148157	0.9240641711229947	0.3117782909930716	1.0	0.6911281489594743	0.423728813559322	0.508	1.0	0.18803418803418806	0.5767857142857142	0.8357142857142857	0.0	1.0	1.0	1.0	0.2222222222222222	0.2050080775444265	0.08571428571428572	0.58	0.171875	0.14204545454545456	0.1659056316590563	0.033	0.3	
1.0	1.0	0.3333333333333333	0.23387096774193547	0.13709677419354838	0.16	0.6814159292035398	0.4016393442622951	0.7018633540372671	0.462962962962963	0.9411764705882353	0.19861431870669746	1.0	0.41182913472070104	0.423728813559322	0.44399999999999995	1.0	0.2307692307692308	0.49642857142857144	1.0	0.0	1.0	1.0	0.25	0.07777777777777778	0.04474959612277867	0.0	0.94	0.046875	0.14772727272727273	0.1476407914764079	0.0	0.871	
1.0	0.0	0.6666666666666666	0.4112903225806452	0.3629032258064516	0.456	0.23893805309734514	0.7377049180327869	0.5900621118012422	0.37037037037037046	0.6203208556149733	0.0023094688221709007	1.0	0.6265060240963856	0.5084745762711864	0.632	1.0	0.2905982905982906	0.3803571428571429	0.8285714285714286	0.0	1.0	0.0	0.75	0.4	0.35492730210016155	0.11428571428571428	0.77	0.421875	0.2215909090909091	0.2207001522070015	0.0	0.7070000000000001	
0.0	0.0	1.0	0.7419354838709677	0.9435483870967742	0.752	0.9911504424778761	0.9016393442622951	0.2857142857142857	0.22222222222222227	0.45454545454545453	0.09699769053117782	0.273	0.3318729463307777	0.9491525423728813	0.46	1.0	0.28205128205128205	0.09642857142857143	0.65	0.03472222222222222	0.0	0.0	1.0	0.5	0.6366720516962844	0.11428571428571428	0.95	0.671875	0.6193181818181818	0.6103500761035008	0.0	0.0	
1.0	1.0	0.0	0.9112903225806451	0.8709677419354839	0.848	1.0	0.9180327868852459	0.12422360248447203	0.2453703703703704	0.5754010695187165	0.0	0.0	0.25958378970427165	0.3677966101694915	0.0	0.0	0.025641025641025647	0.5214285714285715	0.7714285714285715	1.0	0.0	0.0	0.5	0.14444444444444443	0.15735056542810985	0.7142857142857143	0.5	0.109375	0.08522727272727272	0.1232876712328767	0.0	0.0	
0.0	0.5	0.6666666666666666	0.6693548387096774	0.8225806451612904	0.84	0.7433628318584071	0.6885245901639344	0.2236024844720497	0.15740740740740744	0.4919786096256685	0.07390300230946882	1.0	0.5290251916757941	0.5084745762711864	0.0	1.0	0.11965811965811966	0.2785714285714286	0.85	0.0	1.0	1.0	0.625	0.37777777777777777	0.42875605815831985	0.37142857142857144	0.76	0.4375	0.26704545454545453	0.3850837138508371	0.08	0.8	
0.0	1.0	0.3333333333333333	0.9435483870967742	0.9838709677419355	0.952	0.9469026548672567	0.5819672131147541	0.03105590062111801	0.14351851851851855	0.5347593582887701	0.0069284064665127015	1.0	0.755750273822563	0.6949152542372881	0.0	0.0	0.051282051282051294	0.0	0.7428571428571429	0.0	1.0	0.0	0.125	0.2	0.29466882067851374	0.2857142857142857	0.38	0.296875	0.13068181818181818	0.1293759512937595	0.25	0.75	
1.0	0.0	0.6666666666666666	0.1774193548387097	0.11290322580645161	0.16	0.6814159292035398	0.45901639344262296	0.5900621118012422	0.8564814814814815	0.6417112299465241	0.17782909930715934	0.889	0.895947426067908	0.423728813559322	0.4	0.0	0.29914529914529914	0.09999999999999999	1.0	0.0	0.0	1.0	0.75	0.2777777777777778	0.37382875605815835	0.6285714285714286	0.47	0.375	0.2897727272727273	0.2633181126331811	0.054000000000000006	0.0	
1.0	0.0	1.0	0.27419354838709675	0.31451612903225806	0.424	0.25663716814159293	0.8524590163934426	0.34782608695652173	0.388888888888889	0.8010695187165776	0.22401847575057734	1.0	0.6374589266155531	0.5423728813559322	0.6173333333333333	1.0	0.35897435897435903	0.0	1.0	0.0	1.0	1.0	0.75	0.36666666666666664	0.41550888529886915	0.4	0.86	0.53125	0.3522727272727273	0.3120243531202435	0.045	0.657	
1.0	0.0	0.0	0.8467741935483871	0.7016129032258065	0.84	0.3274336283185841	0.8442622950819673	0.2236024844720497	0.18981481481481483	0.46844919786096256	0.03695150115473441	1.0	0.3318729463307777	0.3813559322033898	0.82	1.0	0.05982905982905983	0.0	1.0	0.0	1.0	1.0	0.75	0.08888888888888889	0.12423263327948303	0.3142857142857143	0.74	0.140625	0.125	0.1354642313546423	0.0	0.0	
1.0	0.5	0.6666666666666666	0.3548387096774194	0.28225806451612906	0.44	0.2743362831858407	0.9262295081967213	0.31677018633540377	0.43518518518518523	0.8770053475935828	0.13394919168591224	1.0	0.5629791894852136	0.35593220338983045	0.572	1.0	0.17948717948717952	0.33571428571428574	0.9571428571428572	0.28935185185185186	1.0	1.0	0.75	0.23333333333333334	0.23376413570274637	0.0	0.75	0.25	0.2159090909090909	0.21461187214611874	0.163	0.27899999999999997	
1.0	0.5	0.3333333333333333	0.8145161290322581	0.6532258064516129	0.648	0.46017699115044247	0.38524590163934425	0.6149068322981367	0.1388888888888889	0.3893048128342246	0.0	1.0	0.3702081051478642	0.2542372881355932	0.632	1.0	0.11965811965811966	0.0	0.7928571428571428	0.0	1.0	1.0	0.5	0.15555555555555556	0.23004846526655898	0.6857142857142857	0.76	0.234375	0.13068181818181818	0.2024353120243531	0.0	0.0	
0.0	0.5	1.0	0.6370967741935484	0.6854838709677419	0.56	0.911504424778761	0.4262295081967213	0.4844720496894411	0.38425925925925936	0.5967914438502674	0.011547344110854504	0.909	0.09967141292442497	0.423728813559322	0.0	1.0	0.10256410256410256	0.0	0.8428571428571429	0.0	1.0	1.0	0.75	0.35555555555555557	0.5208400646203555	0.7428571428571429	0.72	0.515625	0.4431818181818182	0.5068493150684931	0.10099999999999999	0.823	
1.0	0.5	0.0	0.9435483870967742	0.9112903225806451	0.936	0.8230088495575221	0.27049180327868855	0.1801242236024845	0.11574074074074076	0.40106951871657753	0.0	1.0	0.2552026286966046	0.44067796610169485	0.0	1.0	0.008547008547008546	0.0	0.9642857142857143	0.0	1.0	1.0	0.5	0.011111111111111112	0.020032310177705983	0.22857142857142856	0.92	0.03125	0.09090909090909091	0.08675799086757989	0.0	0.684	
0.0	0.5	0.6666666666666666	0.3951612903225806	0.4596774193548387	0.4	0.8053097345132744	0.7049180327868853	0.6024844720496895	0.3796296296296297	0.6780748663101605	0.04387990762124711	1.0	0.39759036144578314	0.47966101694915253	0.0	1.0	0.17094017094017094	0.37142857142857144	1.0	0.0	1.0	0.0	0.625	0.6777777777777778	0.5455573505654282	0.5428571428571428	0.78	0.734375	0.2215909090909091	0.2389649923896499	0.0	0.455	
1.0	0.0	0.6666666666666666	0.016129032258064516	0.008064516129032258	0.056	0.0	0.5081967213114754	0.2857142857142857	0.7453703703703706	0.825668449197861	0.9237875288683602	1.0	1.0	0.423728813559322	0.504	1.0	0.38461538461538464	0.14464285714285713	1.0	0.4629629629629629	1.0	1.0	0.75	0.28888888888888886	0.362843295638126	0.9142857142857143	0.0	0.375	0.24431818181818182	0.2572298325722983	0.0	0.0	
1.0	0.5	0.3333333333333333	1.0	0.7338709677419355	0.96	0.9292035398230089	0.040983606557377046	0.09937888198757763	0.06481481481481483	0.5347593582887701	0.0	1.0	0.3373493975903615	0.7627118644067796	0.6066666666666667	0.0	0.07692307692307691	0.09464285714285714	0.8357142857142857	0.826388888888889	0.0	0.0	0.625	0.08888888888888889	0.12504038772213247	0.0	0.79	0.125	0.17045454545454544	0.1232876712328767	0.0	0.379	
0.0	0.25	1.0	0.2903225806451613	0.23387096774193547	0.344	0.6194690265486725	0.6147540983606558	0.6397515527950312	0.3796296296296297	0.7454545454545455	0.027713625866050806	1.0	0.5213581599123768	0.5932203389830508	0.46	1.0	0.36752136752136755	0.47678571428571426	0.9285714285714286	0.193287037037037	0.0	1.0	0.875	0.5444444444444444	0.5366720516962843	0.22857142857142856	0.87	0.53125	0.7954545454545454	0.7990867579908676	0.0	0.617	
0.0	0.25	0.0	0.8629032258064516	0.8870967741935484	0.848	0.831858407079646	0.9426229508196722	0.24844720496894412	0.27777777777777785	0.3647058823529412	0.0	1.0	0.2552026286966046	0.5932203389830508	0.0	1.0	0.0	0.0	0.8928571428571429	0.0	0.0	1.0	0.875	0.2	0.2865912762520194	0.6	0.66	0.296875	0.03977272727272727	0.0502283105022831	0.0	0.33299999999999996	
0.0	0.25	0.0	0.7741935483870968	0.75	0.896	0.25663716814159293	0.5327868852459017	0.3416149068322981	0.05555555555555556	0.42245989304812837	0.0	1.0	0.8280394304490689	0.5423728813559322	0.5	1.0	0.11111111111111112	0.1625	0.9071428571428571	0.0	0.0	1.0	0.625	0.12222222222222222	0.08788368336025848	0.6571428571428571	0.68	0.15625	0.10227272727272728	0.1050228310502283	0.0	0.917	
1.0	0.5	0.3333333333333333	0.4838709677419355	0.6451612903225806	0.616	0.7345132743362832	0.7459016393442623	0.2981366459627329	0.34722222222222227	0.5625668449197861	0.09699769053117782	1.0	0.4687842278203724	0.5932203389830508	0.31733333333333336	1.0	0.05982905982905983	0.0	0.9714285714285714	0.0	1.0	1.0	1.0	0.14444444444444443	0.21389337641357029	0.8285714285714286	0.71	0.21875	0.14772727272727273	0.19634703196347028	0.0	0.0	
0.0	0.25	0.0	0.75	0.8467741935483871	0.952	0.504424778761062	0.5081967213114754	0.13664596273291924	0.0787037037037037	0.45347593582887696	0.009237875288683603	1.0	0.6056955093099672	0.5932203389830508	0.6666666666666666	1.0	0.025641025641025647	0.060714285714285714	0.8357142857142857	0.0	1.0	1.0	1.0	0.2	0.2794830371567043	0.2	0.76	0.28125	0.10795454545454546	0.1232876712328767	0.0	0.469	
0.0	0.25	0.0	0.7016129032258065	0.6935483870967742	0.784	0.4336283185840708	0.6311475409836066	0.2608695652173913	0.23148148148148148	0.5347593582887701	0.013856812933025403	0.5	0.887185104052574	0.38983050847457623	0.6666666666666666	1.0	0.07692307692307691	0.2982142857142857	0.8357142857142857	0.0	1.0	0.0	0.75	0.07777777777777778	0.08093699515347334	0.8	0.72	0.078125	0.028409090909090908	0.025875190258751905	0.0	0.833	
1.0	0.0	0.0	0.9838709677419355	0.9596774193548387	0.984	0.5752212389380531	0.819672131147541	0.11180124223602485	0.01851851851851851	0.19037433155080213	0.053117782909930716	0.625	0.5257393209200438	0.5932203389830508	0.9333333333333333	1.0	0.07692307692307691	0.33035714285714285	0.7714285714285715	0.0	0.0	1.0	0.625	0.17777777777777778	0.18142164781906298	0.2	0.81	0.1875	0.11363636363636363	0.0989345509893455	0.0	0.7859999999999999	
0.0	0.75	1.0	0.6129032258064516	0.6774193548387096	0.744	0.6194690265486725	0.4426229508196721	0.2857142857142857	0.12962962962962962	0.7133689839572193	0.0023094688221709007	0.875	0.3964950711938664	0.423728813559322	0.616	1.0	0.23931623931623933	0.24642857142857144	0.8428571428571429	0.0	1.0	1.0	0.75	0.5222222222222223	0.6316639741518578	0.7428571428571429	0.74	0.625	0.4147727272727273	0.6103500761035008	0.091	0.7659999999999999	
1.0	0.0	0.6666666666666666	0.06451612903225806	0.06451612903225806	0.136	0.3805309734513274	0.5983606557377049	0.4596273291925466	0.41203703703703715	0.7967914438502673	0.7090069284064665	1.0	0.8587075575027383	0.27118644067796605	0.484	0.0	0.5726495726495727	0.0	1.0	0.0	0.0	1.0	0.875	0.2111111111111111	0.30274636510500813	0.4857142857142857	0.7	0.3125	0.3409090909090909	0.4094368340943683	0.077	0.615	
0.0	0.25	1.0	0.3225806451612903	0.3951612903225806	0.392	0.911504424778761	0.1885245901639344	0.5962732919254659	0.33333333333333337	0.7176470588235293	0.03464203233256351	0.95	0.2639649507119387	0.7288135593220338	0.2826666666666667	1.0	0.39316239316239315	0.2517857142857143	0.9428571428571428	0.05208333333333333	1.0	1.0	1.0	0.5888888888888889	0.6739903069466882	0.5428571428571428	0.77	0.703125	0.45454545454545453	0.5007610350076103	0.106	0.718	
0.0	0.25	0.0	0.8225806451612904	0.6854838709677419	0.768	0.9380530973451328	0.02459016393442623	0.2857142857142857	0.28703703703703703	0.4716577540106952	0.0	0.917	0.4567360350492881	0.2542372881355932	0.0	0.0	0.05982905982905983	0.6821428571428572	0.9142857142857143	0.0	0.0	1.0	0.625	0.25555555555555554	0.14571890145395802	0.2571428571428571	0.85	0.171875	0.11931818181818182	0.1598173515981735	0.04	0.56	
0.0	0.75	0.0	0.9919354838709677	0.9919354838709677	0.832	1.0	0.01639344262295082	0.3726708074534162	0.125	0.36363636363636365	0.011547344110854504	0.0	0.5016429353778751	0.7203389830508474	0.0	1.0	0.017094017094017092	0.24285714285714285	0.35714285714285715	0.07060185185185185	0.0	0.0	1.0	0.12222222222222222	0.12956381260096933	0.4	0.82	0.140625	0.03977272727272727	0.0015220700152207014	0.111	0.667	
0.0	1.0	0.3333333333333333	0.9838709677419355	0.9435483870967742	0.912	0.7699115044247787	0.9262295081967213	0.10559006211180125	0.3055555555555556	0.34973262032085567	0.0	1.0	0.0	0.423728813559322	0.7413333333333334	1.0	0.15384615384615383	0.07142857142857142	0.5785714285714286	0.0	1.0	0.0	0.625	0.15555555555555556	0.2077544426494346	0.22857142857142856	0.84	0.21875	0.14204545454545456	0.2328767123287671	0.094	0.9059999999999999	
0.0	1.0	0.0	0.9032258064516129	0.7016129032258065	0.8	0.9203539823008849	0.040983606557377046	0.2857142857142857	0.09259259259259262	0.5700534759358289	0.050808314087759814	0.8	0.3099671412924425	0.5084745762711864	0.7266666666666667	0.0	0.08547008547008547	0.0	0.8357142857142857	0.11574074074074073	1.0	1.0	0.875	0.13333333333333333	0.1977382875605816	0.11428571428571428	1.0	0.203125	0.10795454545454546	0.0076103500761035	0.136	0.636	
1.0	0.0	0.6666666666666666	0.024193548387096774	0.008064516129032258	0.0	0.6637168141592921	0.7213114754098361	1.0	0.7037037037037038	0.8812834224598931	0.6212471131639723	0.875	0.6407447973713034	0.423728813559322	0.3706666666666667	1.0	0.1623931623931624	0.08928571428571429	1.0	0.10532407407407407	1.0	1.0	0.875	0.32222222222222224	0.23521809369951535	0.14285714285714285	0.9	0.4375	0.26136363636363635	0.2207001522070015	0.529	0.431	
0.0	0.5	0.6666666666666666	0.5806451612903226	0.5645161290322581	0.568	0.5575221238938053	0.8770491803278688	0.4472049689440994	0.23611111111111116	0.7262032085561498	0.03926096997690531	0.9229999999999999	0.4928806133625411	0.559322033898305	0.6026666666666667	1.0	0.2136752136752137	0.08392857142857144	0.75	0.0	0.0	1.0	1.0	0.5888888888888889	0.2744749596122779	0.5714285714285714	0.77	0.796875	0.3181818181818182	0.3363774733637747	0.175	0.614	
1.0	0.0	0.0	0.532258064516129	0.6774193548387096	0.632	0.584070796460177	1.0	0.5403726708074534	0.2962962962962963	0.37433155080213903	0.0	1.0	0.5684556407447974	0.5525423728813559	0.41733333333333333	1.0	0.09401709401709403	0.0	0.95	0.0	1.0	1.0	0.875	0.1	0.14927302100161552	0.0	0.95	0.15625	0.07386363636363637	0.11719939117199389	0.0	0.9440000000000001	
0.0	0.25	0.3333333333333333	0.9919354838709677	0.9919354838709677	0.968	0.7787610619469026	0.6721311475409836	0.23602484472049692	0.11574074074074076	0.17860962566844918	0.0	1.0	0.27053669222343923	0.7627118644067796	0.616	1.0	0.09401709401709403	0.0	0.4785714285714286	0.0	0.0	1.0	0.375	0.1	0.14927302100161552	0.0	0.9	0.15625	0.18181818181818182	0.1902587519025875	0.0	1.0	
1.0	0.25	0.6666666666666666	0.43548387096774194	0.5725806451612904	0.544	0.46017699115044247	0.6885245901639344	0.391304347826087	0.23148148148148148	0.7422459893048129	0.10623556581986143	1.0	0.7141292442497262	0.3728813559322034	0.25066666666666665	1.0	0.2307692307692308	0.0	0.8357142857142857	0.0	1.0	1.0	0.625	0.2	0.2862681744749596	0.4	0.83	0.296875	0.23863636363636365	0.2511415525114155	0.0	0.447	
0.0	0.25	1.0	0.3467741935483871	0.6370967741935484	0.568	0.9292035398230089	0.5737704918032787	0.3229813664596274	0.2916666666666667	0.6566844919786096	0.14087759815242493	1.0	0.19386637458926614	0.7627118644067796	0.25866666666666666	1.0	0.3504273504273504	0.028571428571428574	1.0	0.0	1.0	1.0	1.0	0.5666666666666667	0.8088852988691438	0.08571428571428572	0.89	0.796875	0.6647727272727273	0.7382039573820396	0.0	0.0	
0.0	0.25	0.0	0.9838709677419355	0.9516129032258065	0.976	0.8495575221238938	0.8524590163934426	0.1739130434782609	0.06944444444444443	0.24705882352941178	0.0	1.0	0.3143483023001095	0.423728813559322	0.0	0.0	0.03418803418803419	0.0	0.8357142857142857	0.193287037037037	0.0	0.0	0.625	0.16666666666666666	0.24620355411954767	0.5428571428571428	0.73	0.25	0.06818181818181818	0.11111111111111112	0.0	0.647	
0.0	1.0	0.3333333333333333	0.8709677419354839	0.9435483870967742	0.824	0.9911504424778761	0.8278688524590164	0.10559006211180125	0.3425925925925926	0.5122994652406417	0.009237875288683603	0.667	0.29244249726177435	0.8050847457627118	0.0	0.0	0.025641025641025647	0.0	0.8357142857142857	0.07291666666666666	0.0	1.0	0.5	0.18888888888888888	0.2287560581583199	0.0	0.82	0.28125	0.1534090909090909	0.21461187214611874	0.033	0.767	
0.0	0.0	1.0	0.10483870967741936	0.10483870967741936	0.192	0.6371681415929203	0.22950819672131148	0.7888198757763976	0.3287037037037037	0.8941176470588235	0.12702078521939955	0.938	0.4545454545454546	0.5254237288135593	0.47333333333333333	1.0	0.3418803418803419	0.8125	1.0	0.0	1.0	1.0	1.0	1.0	0.7239095315024233	0.34285714285714286	0.77	0.703125	0.3977272727272727	0.6894977168949771	0.042	0.526	
1.0	0.0	0.6666666666666666	0.008064516129032258	0.0	0.0080	0.09734513274336283	0.5983606557377049	0.6273291925465839	0.6712962962962964	0.9155080213903742	0.9976905311778291	1.0	0.9145673603504929	0.3728813559322034	0.37733333333333335	1.0	0.39316239316239315	0.1625	1.0	0.5069444444444444	1.0	1.0	0.5	0.36666666666666664	0.4282714054927303	0.05714285714285714	0.7	0.46875	0.3125	0.3485540334855403	0.11699999999999999	0.0	
0.0	0.25	1.0	0.31451612903225806	0.45161290322580644	0.424	0.9557522123893806	0.16393442622950818	0.5031055900621119	0.41203703703703715	0.7368983957219252	0.018475750577367205	0.882	0.15334063526834613	0.8762711864406779	0.34933333333333333	1.0	0.36752136752136755	0.1464285714285714	1.0	0.13657407407407407	1.0	1.0	1.0	0.6888888888888889	0.8032310177705977	0.3142857142857143	0.86	0.890625	0.8238636363636364	0.817351598173516	0.147	0.569	
1.0	0.0	0.6666666666666666	0.5161290322580645	0.43548387096774194	0.44	0.7876106194690266	0.2786885245901639	0.35403726708074534	0.37500000000000006	0.893048128342246	0.10854503464203233	1.0	0.5465498357064622	0.3728813559322034	0.0	1.0	0.29914529914529914	1.0	0.6785714285714286	0.0	0.0	0.0	0.875	0.43333333333333335	0.1518578352180937	0.2857142857142857	0.84	0.1875	0.2897727272727273	0.3242009132420091	0.24100000000000002	0.444	
1.0	0.75	0.3333333333333333	0.43548387096774194	0.6532258064516129	0.656	0.6902654867256637	0.8688524590163934	0.27329192546583847	0.3194444444444445	0.6577540106951871	0.0	0.5	0.8981380065717416	0.5084745762711864	0.42133333333333334	1.0	0.08547008547008547	0.0	1.0	0.1284722222222222	1.0	1.0	1.0	0.06666666666666667	0.10080775444264944	0.0	0.82	0.109375	0.13068181818181818	0.1598173515981735	0.179	0.0	
0.0	0.0	1.0	0.2661290322580645	0.3064516129032258	0.224	0.7256637168141593	0.6885245901639344	0.49689440993788825	0.5833333333333334	0.8106951871657754	0.15011547344110854	1.0	0.39759036144578314	0.47966101694915253	0.3333333333333333	1.0	0.3760683760683761	0.0	0.8857142857142857	0.0	1.0	1.0	0.625	0.5888888888888889	0.7667205169628434	0.22857142857142856	0.91	0.84375	0.3693181818181818	0.2998477929984779	0.075	0.7759999999999999	
0.0	0.25	0.0	0.9596774193548387	0.9596774193548387	0.976	0.8495575221238938	0.14754098360655737	0.15527950310559008	0.01388888888888889	0.29197860962566846	0.04387990762124711	1.0	0.4381161007667032	0.2542372881355932	0.0	0.0	0.042735042735042736	0.0	0.8357142857142857	0.0	1.0	0.0	0.375	0.23333333333333334	0.34313408723747985	0.37142857142857144	0.72	0.296875	0.056818181818181816	0.0563165905631659	0.0	0.8	
1.0	1.0	1.0	0.04838709677419355	0.04838709677419355	0.08	0.19469026548672566	0.6065573770491803	0.7204968944099379	0.5370370370370372	0.9122994652406416	0.31870669745958424	1.0	0.8565169769989047	0.423728813559322	0.37733333333333335	1.0	0.41880341880341887	0.20535714285714285	1.0	0.08912037037037036	1.0	1.0	0.75	0.16666666666666666	0.19693053311793215	0.34285714285714286	0.85	0.203125	0.3522727272727273	0.4094368340943683	0.0	0.19399999999999998	
0.0	0.0	0.3333333333333333	0.9758064516129032	0.9274193548387096	0.944	0.8849557522123894	0.9590163934426229	0.16770186335403728	0.08796296296296298	0.3786096256684492	0.009237875288683603	1.0	0.1171960569550931	0.7627118644067796	1.0	0.0	0.03418803418803419	0.07678571428571428	0.6285714285714286	0.16550925925925924	1.0	1.0	0.5	0.13333333333333333	0.1877221324717286	0.11428571428571428	0.91	0.1875	0.16477272727272727	0.1050228310502283	0.0	0.667	
0.0	0.0	0.6666666666666666	0.8145161290322581	0.6935483870967742	0.856	0.11504424778761062	0.29508196721311475	0.37888198757763975	0.11574074074074076	0.2994652406417112	0.03695150115473441	0.875	0.6396495071193866	0.4067796610169492	0.8426666666666667	1.0	0.17094017094017094	0.08928571428571429	0.7071428571428572	0.0	1.0	1.0	1.0	0.1	0.13586429725363494	0.14285714285714285	0.9	0.140625	0.26704545454545453	0.3181126331811263	0.0	0.75	
0.0	0.0	0.6666666666666666	0.9354838709677419	0.9435483870967742	0.896	0.8849557522123894	0.22131147540983606	0.13664596273291924	0.4305555555555556	0.1657754010695187	0.0069284064665127015	0.852	0.2738225629791895	0.5932203389830508	0.0	1.0	0.13675213675213677	0.05535714285714286	0.4642857142857143	0.2673611111111111	0.0	1.0	0.625	0.23333333333333334	0.32390953150242324	0.0	0.0	0.328125	0.3352272727272727	0.4337899543378995	0.017	0.49200000000000005	
0.0	0.0	0.6666666666666666	0.31451612903225806	0.4838709677419355	0.456	0.7787610619469026	0.6639344262295082	0.4844720496894411	0.33333333333333337	0.7058823529411765	0.17090069284064666	0.9570000000000001	0.3417305585980285	0.576271186440678	0.4	1.0	0.2905982905982906	0.0	0.95	0.0	1.0	1.0	0.875	0.2	0.2720516962843296	0.4857142857142857	0.72	0.296875	0.3409090909090909	0.3120243531202435	0.27699999999999997	0.5539999999999999	
1.0	0.0	0.0	0.9838709677419355	0.8870967741935484	0.976	0.672566371681416	0.5163934426229508	0.0	0.10648148148148148	0.42780748663101603	0.07159353348729793	1.0	0.547645125958379	0.5932203389830508	0.0	0.0	0.025641025641025647	0.08928571428571429	0.8357142857142857	0.0	0.0	0.0	0.375	0.1	0.14119547657512116	0.42857142857142855	0.35	0.0	0.125	0.1293759512937595	0.17600000000000002	0.8240000000000001	
1.0	0.0	0.3333333333333333	0.6290322580645161	0.6048387096774194	0.616	0.415929203539823	0.6885245901639344	0.33540372670807456	0.2962962962962963	0.7871657754010695	0.0	1.0	0.3614457831325301	0.5372881355932203	0.0	1.0	0.051282051282051294	0.0	0.7857142857142857	0.0	1.0	1.0	1.0	0.2111111111111111	0.31001615508885294	0.08571428571428572	0.9	0.3125	0.17045454545454544	0.2633181126331811	0.028999999999999998	0.794	
0.0	0.0	0.0	0.8951612903225806	0.7419354838709677	0.84	0.24778761061946902	0.32786885245901637	0.31677018633540377	0.19444444444444448	0.4117647058823529	0.0	1.0	0.5147864184008762	0.5932203389830508	0.912	1.0	0.15384615384615383	0.0	0.65	0.0	1.0	1.0	0.25	0.05555555555555555	0.08465266558966075	0.0	1.0	0.09375	0.10795454545454546	0.1598173515981735	0.105	0.895	
0.0	0.75	1.0	0.3064516129032258	0.41935483870967744	0.344	0.8584070796460177	0.4918032786885246	0.6459627329192548	0.28703703703703703	0.8919786096256686	0.03464203233256351	0.833	0.3559693318729463	0.423728813559322	0.23866666666666664	1.0	0.33333333333333337	0.05714285714285715	0.9142857142857143	0.0	1.0	1.0	0.875	0.5777777777777777	0.6683360258481422	0.4	0.81	0.796875	0.3693181818181818	0.47640791476407907	0.145	0.71	
0.0	0.75	0.6666666666666666	0.8951612903225806	0.9274193548387096	0.952	0.5752212389380531	0.48360655737704916	0.1614906832298137	0.06481481481481483	0.4427807486631016	0.0	1.0	0.42387732749178536	0.2542372881355932	0.0	1.0	0.2307692307692308	0.0	0.6142857142857143	0.0	1.0	1.0	0.875	0.35555555555555557	0.5208400646203555	0.4	0.65	0.515625	0.22727272727272727	0.3607305936073059	0.09300000000000001	0.605	
1.0	0.0	0.0	0.8870967741935484	0.8145161290322581	0.856	0.8849557522123894	0.23770491803278687	0.2857142857142857	0.19444444444444448	0.32941176470588235	0.016166281755196306	1.0	0.6133625410733845	0.423728813559322	0.0	0.0	0.017094017094017092	0.0	0.8357142857142857	0.0	1.0	1.0	1.0	0.044444444444444446	0.050888529886914384	0.0	0.87	0.078125	0.06818181818181818	0.013698630136986306	0.11800000000000001	0.529	
1.0	0.75	0.0	0.967741935483871	0.9596774193548387	0.888	0.9380530973451328	0.5409836065573771	0.20496894409937888	0.0787037037037037	0.5828877005347594	0.0	1.0	0.13362541073384446	0.423728813559322	0.0	1.0	0.0	0.1875	0.5071428571428571	0.5787037037037037	1.0	1.0	0.5	0.08888888888888889	0.11696284329563814	0.0	0.84	0.109375	0.125	0.1841704718417047	0.037000000000000005	0.63	
0.0	0.75	0.0	0.9032258064516129	0.7983870967741935	0.784	0.6814159292035398	0.14754098360655737	0.46583850931677023	0.11574074074074076	0.2556149732620321	0.08545034642032333	1.0	0.3964950711938664	0.4915254237288136	0.0	1.0	0.13675213675213677	0.1125	0.5214285714285715	0.16550925925925924	1.0	1.0	0.5	0.05555555555555555	0.046042003231017765	0.0	0.94	0.078125	0.11931818181818182	0.0989345509893455	0.0	0.889	
0.0	1.0	0.3333333333333333	0.3629032258064516	0.4032258064516129	0.36	0.7345132743362832	0.7786885245901639	0.4472049689440994	0.5648148148148149	0.7101604278074867	0.08083140877598152	1.0	0.42935377875136915	0.5932203389830508	0.0	1.0	0.11965811965811966	0.0642857142857143	1.0	0.0	1.0	1.0	0.875	0.5	0.5954765751211631	0.4	0.0	0.6875	0.20454545454545456	0.243531202435312	0.0	0.488	
0.0	0.75	0.0	0.9112903225806451	0.9838709677419355	0.968	0.911504424778761	0.8360655737704918	0.09316770186335402	0.15277777777777782	0.3657754010695187	0.020785219399538105	1.0	0.3647316538882804	0.6610169491525424	0.0	1.0	0.025641025641025647	0.0	0.8357142857142857	0.0	0.0	1.0	0.875	0.0	0.0	0.2571428571428571	0.91	0.015625	0.028409090909090908	0.0502283105022831	0.0	0.615	
0.0	1.0	1.0	0.0	0.04032258064516129	0.064	0.6637168141592921	0.9426229508196722	0.5527950310559006	0.6944444444444445	0.7700534759358288	0.558891454965358	1.0	0.4709748083242059	0.5423728813559322	0.3653333333333333	1.0	1.0	0.07857142857142858	1.0	0.13888888888888887	1.0	1.0	1.0	0.6333333333333333	0.798707592891761	0.17142857142857143	0.93	0.859375	0.8636363636363636	0.8721461187214611	0.19699999999999998	0.0	
0.0	1.0	0.6666666666666666	0.3548387096774194	0.24193548387096775	0.176	0.6637168141592921	0.8934426229508197	0.6397515527950312	0.4861111111111112	1.0	0.08083140877598152	1.0	0.3614457831325301	0.3762711864406779	0.44399999999999995	1.0	0.12820512820512822	0.1125	0.7857142857142857	0.1284722222222222	1.0	1.0	1.0	0.23333333333333334	0.17092084006462036	0.2571428571428571	0.81	0.3125	0.32954545454545453	0.3729071537290715	0.113	0.145	
0.0	1.0	1.0	0.3951612903225806	0.25	0.112	0.9380530973451328	0.6967213114754098	0.7080745341614907	0.6157407407407408	0.8823529411764706	0.12240184757505775	0.667	0.1456736035049288	0.5932203389830508	0.4666666666666667	1.0	0.1623931623931624	0.0	0.8857142857142857	0.21990740740740738	0.0	1.0	0.625	0.2222222222222222	0.31922455573505654	0.08571428571428572	0.94	0.328125	0.3465909090909091	0.3729071537290715	0.061	0.485	
0.0	1.0	1.0	0.20161290322580644	0.22580645161290322	0.376	0.7610619469026548	0.9180327868852459	0.46583850931677023	0.3796296296296297	0.5443850267379678	0.36027713625866054	0.852	0.37458926615553123	0.423728813559322	0.4026666666666667	1.0	0.41025641025641024	0.15892857142857145	1.0	0.7719907407407407	1.0	1.0	1.0	0.37777777777777777	0.4907915993537965	0.0	0.98	0.46875	0.6363636363636364	0.8356164383561643	0.0080	0.016	
0.0	1.0	0.6666666666666666	0.8145161290322581	0.8467741935483871	0.856	0.7345132743362832	0.8278688524590164	0.19875776397515527	0.16203703703703706	0.6224598930481283	0.0	0.813	0.38992332968236587	0.5932203389830508	0.6666666666666666	1.0	0.08547008547008547	0.0	0.7	0.0	1.0	1.0	0.875	0.07777777777777778	0.11647819063004845	0.6285714285714286	0.72	0.125	0.23863636363636365	0.2937595129375951	0.0	0.40399999999999997	
0.0	1.0	1.0	0.20161290322580644	0.25	0.272	0.5575221238938053	0.9672131147540983	0.5838509316770186	0.42592592592592604	0.7529411764705883	0.14549653579676675	1.0	0.49507119386637466	0.5084745762711864	0.468	1.0	0.39316239316239315	0.0	1.0	0.06481481481481481	1.0	1.0	1.0	0.4777777777777778	0.6780290791599354	0.37142857142857144	0.87	0.6875	0.4772727272727273	0.5494672754946728	0.1	0.7440000000000001	
0.0	1.0	0.6666666666666666	0.4112903225806452	0.43548387096774194	0.504	0.40707964601769914	0.9098360655737705	0.42857142857142855	0.3148148148148148	0.7657754010695187	0.053117782909930716	1.0	0.4709748083242059	0.47457627118644063	0.6106666666666666	1.0	0.26495726495726496	0.24107142857142858	0.9	0.0	1.0	1.0	1.0	0.28888888888888886	0.334248788368336	0.4	0.84	0.34375	0.26704545454545453	0.3302891933028919	0.038	0.096	
0.0	1.0	0.3333333333333333	0.7903225806451613	0.8387096774193549	0.536	0.9203539823008849	0.8442622950819673	0.391304347826087	0.36111111111111116	0.7401069518716578	0.013856812933025403	1.0	0.16867469879518074	0.6779661016949152	0.0	1.0	0.07692307692307691	0.0	0.37142857142857144	0.0	1.0	1.0	0.5	0.06666666666666667	0.10080775444264944	0.6857142857142857	0.76	0.109375	0.1534090909090909	0.1598173515981735	0.0	0.813	
1.0	0.25	1.0	0.2903225806451613	0.43548387096774194	0.552	0.5752212389380531	0.8852459016393442	0.2298136645962733	0.4907407407407408	0.6128342245989304	0.15011547344110854	1.0	0.547645125958379	0.5949152542372881	0.42	1.0	0.47863247863247865	0.075	1.0	0.28935185185185186	1.0	1.0	0.625	0.6666666666666666	0.8877221324717286	0.42857142857142855	0.54	0.90625	0.5511363636363636	0.4885844748858447	0.0	0.49	
0.0	0.25	0.6666666666666666	0.8225806451612904	0.8790322580645161	0.88	0.9823008849557522	0.1721311475409836	0.24844720496894412	0.2824074074074075	0.2641711229946524	0.0	0.765	0.32311062431544363	0.5932203389830508	0.0	0.0	0.051282051282051294	0.05178571428571428	0.9428571428571428	0.0	1.0	1.0	0.625	0.26666666666666666	0.3747980613893377	0.08571428571428572	0.86	0.375	0.24431818181818182	0.3302891933028919	0.0	0.75	
0.0	1.0	1.0	0.8145161290322581	0.9838709677419355	0.912	0.9646017699115044	0.9590163934426229	0.16770186335403728	0.08796296296296298	0.520855614973262	0.0069284064665127015	0.632	0.15991237677984665	0.6474576271186441	0.364	1.0	0.13675213675213677	0.05178571428571428	0.7785714285714286	0.0	1.0	1.0	0.625	0.25555555555555554	0.3613893376413571	0.6	0.76	0.359375	0.38636363636363635	0.4277016742770167	0.0	0.667	
0.0	0.0	0.6666666666666666	0.7661290322580645	0.7661290322580645	0.792	0.6637168141592921	0.7622950819672131	0.33540372670807456	0.21759259259259264	0.4192513368983958	0.0	1.0	0.3187294633077766	0.423728813559322	0.5	1.0	0.08547008547008547	0.3410714285714286	0.8357142857142857	0.0	1.0	1.0	0.375	0.4	0.42504038772213254	0.5428571428571428	0.68	0.4375	0.2784090909090909	0.4642313546423135	0.019	0.736	
0.0	0.5	0.3333333333333333	0.4112903225806452	0.29838709677419356	0.248	0.7787610619469026	0.319672131147541	0.4099378881987578	1.0	0.6545454545454545	0.046189376443418015	0.9	0.4381161007667032	0.5932203389830508	0.0	1.0	0.09401709401709403	0.5107142857142858	0.8714285714285714	0.0	1.0	1.0	0.375	0.34444444444444444	0.4045234248788368	0.34285714285714286	0.6	0.3125	0.19886363636363635	0.2633181126331811	0.023	0.159	
0.0	0.5	1.0	0.4838709677419355	0.6370967741935484	0.512	0.8141592920353983	0.4672131147540984	0.6335403726708075	0.13425925925925927	0.5529411764705883	0.12702078521939955	1.0	0.4414019715224534	0.5084745762711864	0.0	1.0	0.18803418803418806	0.0	0.8428571428571429	0.0	1.0	1.0	0.75	0.5111111111111111	0.7295638126009694	0.2	0.89	0.734375	0.4318181818181818	0.4946727549467275	0.0	0.84	
0.0	0.5	0.3333333333333333	0.5967741935483871	0.75	0.776	0.7345132743362832	0.5409836065573771	0.2981366459627329	0.19444444444444448	0.5112299465240642	0.0069284064665127015	1.0	0.38992332968236587	0.6016949152542372	0.424	1.0	0.1623931623931624	0.0	0.9214285714285714	0.0	1.0	1.0	1.0	0.25555555555555554	0.3689822294022618	0.34285714285714286	0.79	0.375	0.19318181818181818	0.2511415525114155	0.0	0.359	
0.0	1.0	0.0	0.8951612903225806	1.0	0.984	0.911504424778761	1.0	0.09316770186335402	0.0	0.35614973262032085	0.0	0.667	0.4381161007667032	0.4864406779661017	0.0	1.0	0.0	0.0	0.9071428571428571	0.0	0.0	1.0	0.875	0.044444444444444446	0.06849757673667206	0.0	1.0	0.078125	0.03977272727272727	0.04414003044140031	0.0	0.818	
0.0	0.75	0.0	0.7661290322580645	0.5241935483870968	0.56	0.1592920353982301	0.05737704918032787	0.21739130434782608	0.49537037037037046	0.6684491978609626	0.06928406466512702	1.0	0.8981380065717416	0.5932203389830508	0.0	1.0	0.13675213675213677	0.11964285714285715	0.55	0.07060185185185185	0.0	1.0	0.375	0.2111111111111111	0.2785137318255251	0.2	0.93	0.28125	0.08522727272727272	0.0745814307458143	0.5	0.5	
0.0	0.25	1.0	0.3870967741935484	0.5241935483870968	0.552	0.8141592920353983	0.22131147540983606	0.422360248447205	0.22222222222222227	0.8427807486631016	0.018475750577367205	0.9229999999999999	0.39978094194961666	0.47457627118644063	0.0	1.0	0.4871794871794872	0.10892857142857142	0.9357142857142857	0.0	1.0	1.0	0.875	0.4222222222222222	0.5733441033925687	0.22857142857142856	0.9	0.5625	0.4318181818181818	0.3120243531202435	0.153	0.75	
0.0	0.25	1.0	0.2661290322580645	0.3548387096774194	0.272	0.9469026548672567	0.680327868852459	0.8012422360248448	0.26388888888888895	0.7700534759358288	0.04849884526558891	0.643	0.15443592552026286	0.6220338983050847	0.484	1.0	0.6666666666666667	0.23035714285714287	0.9785714285714285	0.037037037037037035	0.0	1.0	0.375	0.8222222222222222	1.0	0.45714285714285713	0.76	1.0	1.0	1.0	0.027999999999999997	0.61	
0.0	0.25	1.0	0.6774193548387096	0.5	0.664	0.26548672566371684	0.45901639344262296	0.3975155279503106	0.2824074074074075	0.4556149732620321	0.0069284064665127015	1.0	0.44468784227820374	0.576271186440678	0.8893333333333334	1.0	0.28205128205128205	0.0	0.7785714285714286	0.28935185185185186	1.0	1.0	0.875	0.32222222222222224	0.34313408723747985	0.2857142857142857	0.83	0.46875	0.4147727272727273	0.3729071537290715	0.027999999999999997	0.653	
0.0	0.25	0.0	0.6209677419354839	0.5887096774193549	0.56	0.6991150442477876	0.3442622950819672	0.6397515527950312	0.337962962962963	0.4427807486631016	0.0069284064665127015	1.0	0.41621029572836804	0.576271186440678	0.47600000000000003	1.0	0.09401709401709403	0.0	0.8357142857142857	0.0	1.0	0.0	0.875	0.2222222222222222	0.3269789983844912	0.5428571428571428	0.81	0.328125	0.09090909090909091	0.1598173515981735	0.2	0.65	
0.0	0.75	0.6666666666666666	0.532258064516129	0.43548387096774194	0.52	0.1415929203539823	0.9098360655737705	0.3975155279503106	0.45833333333333337	0.5401069518716578	0.057736720554272515	1.0	0.48083242059145676	0.3440677966101695	0.82	1.0	0.20512820512820512	0.525	0.6785714285714286	0.0	1.0	1.0	0.875	0.4444444444444444	0.3940226171243942	0.2857142857142857	0.9	0.40625	0.26136363636363635	0.4155251141552511	0.11800000000000001	0.5489999999999999	
0.0	0.5	1.0	0.28225806451612906	0.3790322580645161	0.224	0.9380530973451328	0.9262295081967213	0.4409937888198758	0.9675925925925927	0.47700534759358293	0.10392609699769054	0.55	0.4830230010952903	0.5423728813559322	0.2546666666666667	1.0	0.33333333333333337	0.05714285714285715	0.9214285714285714	0.11574074074074073	0.0	1.0	0.75	0.5666666666666667	0.5609046849757674	0.2857142857142857	0.89	0.78125	0.5113636363636364	0.6894977168949771	0.047	0.40700000000000003	
0.0	0.0	0.6666666666666666	0.4274193548387097	0.3548387096774194	0.24	0.7256637168141593	0.8278688524590164	0.6459627329192548	0.6574074074074076	0.6727272727272727	0.04157043879907621	1.0	0.2902519167579409	0.5423728813559322	0.0	1.0	0.11965811965811966	0.04642857142857143	0.8357142857142857	0.0	1.0	1.0	0.625	0.3111111111111111	0.4420032310177706	0.6	0.67	0.4375	0.2215909090909091	0.3424657534246575	0.048	0.905	
0.0	0.75	0.3333333333333333	0.967741935483871	0.7338709677419355	0.816	0.8141592920353983	0.12295081967213115	0.49689440993788825	0.125	0.28556149732620323	0.009237875288683603	1.0	0.4830230010952903	0.4576271186440678	0.0	0.0	0.07692307692307691	0.0	0.9357142857142857	0.0	0.0	0.0	0.25	0.16666666666666666	0.24620355411954767	0.34285714285714286	0.65	0.25	0.14204545454545456	0.1232876712328767	0.48100000000000004	0.29600000000000004	
1.0	0.5	0.0	0.7661290322580645	0.6774193548387096	0.552	0.8849557522123894	0.7049180327868853	0.4099378881987578	0.28703703703703703	0.6684491978609626	0.10623556581986143	1.0	0.16429353778751368	1.0	0.0	1.0	0.008547008547008546	0.07142857142857142	0.7714285714285715	0.0	0.0	1.0	1.0	0.15555555555555556	0.21389337641357029	0.34285714285714286	0.84	0.21875	0.056818181818181816	0.0563165905631659	0.0	0.7859999999999999	
0.0	0.25	1.0	0.07258064516129033	0.13709677419354838	0.168	0.6106194690265486	0.680327868852459	0.5838509316770186	0.37500000000000006	0.9069518716577539	0.3140877598152425	1.0	0.6319824753559694	0.5084745762711864	0.236	1.0	0.5726495726495727	0.024999999999999998	1.0	0.08912037037037036	1.0	1.0	1.0	0.6777777777777778	0.6130856219709209	0.37142857142857144	0.86	0.953125	0.5454545454545454	0.604261796042618	0.05	0.713	
0.0	0.25	1.0	0.3467741935483871	0.4435483870967742	0.416	0.7964601769911505	0.4098360655737705	0.5217391304347827	0.4490740740740741	0.6342245989304812	0.03464203233256351	0.742	0.642935377875137	0.5508474576271186	0.2853333333333333	1.0	0.39316239316239315	0.030357142857142857	1.0	0.0	0.0	1.0	0.5	0.5444444444444444	0.7702746365105009	0.22857142857142856	0.9	0.765625	0.6988636363636364	0.6529680365296803	0.077	0.632	
0.0	0.75	0.0	1.0	1.0	1.0	0.4336283185840708	0.3360655737704918	0.04347826086956522	0.02777777777777778	0.08235294117647059	0.0	1.0	0.5509309967141293	0.3389830508474576	0.0	1.0	0.09401709401709403	0.0	0.0	0.12152777777777778	1.0	1.0	0.5	0.06666666666666667	0.10080775444264944	1.0	0.53	0.109375	0.07954545454545454	0.0502283105022831	0.0	0.569	
0.0	0.25	0.6666666666666666	0.5483870967741935	0.47580645161290325	0.48	0.49557522123893805	0.3770491803278688	0.6956521739130435	0.20833333333333337	0.5165775401069519	0.03695150115473441	1.0	0.42278203723986857	0.1864406779661017	0.4	1.0	0.17094017094017094	0.04642857142857143	0.8357142857142857	0.0	1.0	1.0	0.75	0.3111111111111111	0.4420032310177706	0.0	0.97	0.4375	0.2784090909090909	0.4277016742770167	0.019	0.9259999999999999	
0.0	0.25	0.0	0.8951612903225806	0.9032258064516129	0.84	0.9646017699115044	0.860655737704918	0.2111801242236025	0.27314814814814825	0.4459893048128343	0.0	0.33299999999999996	0.2628696604600219	0.0	0.0	1.0	0.025641025641025647	0.7392857142857142	0.9142857142857143	0.0	0.0	0.0	0.75	0.2	0.14135702746365109	0.4	0.83	0.109375	0.07386363636363637	0.0745814307458143	0.0	0.467	
0.0	0.25	0.6666666666666666	0.782258064516129	0.5564516129032258	0.712	0.48672566371681414	0.7704918032786885	0.33540372670807456	0.21759259259259264	0.5850267379679145	0.0	0.963	0.2157721796276013	0.3949152542372881	0.8573333333333333	1.0	0.08547008547008547	0.1875	0.9285714285714286	0.24421296296296297	1.0	1.0	0.75	0.3	0.3712439418416802	0.22857142857142856	0.84	0.375	0.3409090909090909	0.5616438356164383	0.016	0.5	
0.0	0.0	0.0	0.9435483870967742	0.8467741935483871	0.696	0.9911504424778761	0.0	0.24223602484472054	0.4074074074074075	0.5272727272727272	0.0	0.0	0.3515881708652793	0.423728813559322	0.0	1.0	0.025641025641025647	0.0	0.8357142857142857	0.07060185185185185	0.0	1.0	0.375	0.022222222222222223	0.0334410339256866	0.22857142857142856	0.92	0.046875	0.07954545454545454	0.08675799086757989	0.0	0.889	
0.0	0.5	0.6666666666666666	0.5967741935483871	0.5887096774193549	0.6	0.7345132743362832	0.45081967213114754	0.2857142857142857	0.37037037037037046	0.722994652406417	0.013856812933025403	1.0	0.31763417305585984	0.423728813559322	0.44399999999999995	1.0	0.11111111111111112	0.1875	0.9071428571428571	0.0	1.0	1.0	1.0	0.3	0.3775444264943458	0.45714285714285713	0.84	0.375	0.2897727272727273	0.4277016742770167	0.0	0.429	
0.0	0.75	0.3333333333333333	0.9032258064516129	0.9032258064516129	0.768	0.9646017699115044	0.6147540983606558	0.35403726708074534	0.18981481481481483	0.49411764705882355	0.0	1.0	0.3647316538882804	0.5254237288135593	0.0	0.0	0.09401709401709403	0.0	0.6357142857142857	0.0	1.0	1.0	0.0	0.17777777777777778	0.26235864297253636	0.42857142857142855	0.78	0.265625	0.19318181818181818	0.2207001522070015	0.0	0.9229999999999999	
1.0	0.25	0.6666666666666666	0.3709677419354839	0.1935483870967742	0.304	0.1592920353982301	0.680327868852459	0.6024844720496895	0.5092592592592594	0.6887700534759359	0.0069284064665127015	0.889	0.7261774370208105	0.423728813559322	0.7613333333333333	1.0	0.2307692307692308	0.17500000000000002	0.9857142857142858	0.1284722222222222	1.0	1.0	0.375	0.3333333333333333	0.4439418416801293	0.05714285714285714	0.83	0.421875	0.2556818181818182	0.2633181126331811	0.0	0.32	
0.0	0.75	0.6666666666666666	0.7338709677419355	0.8225806451612904	0.904	0.8672566371681416	0.4262295081967213	0.20496894409937888	0.10648148148148148	0.49732620320855614	0.0069284064665127015	1.0	0.14348302300109528	0.5932203389830508	0.0	1.0	0.051282051282051294	0.8321428571428572	0.8357142857142857	0.0	1.0	1.0	0.875	0.5222222222222223	0.36235864297253634	0.5428571428571428	0.81	0.328125	0.2784090909090909	0.3424657534246575	0.0	0.359	
0.0	1.0	0.6666666666666666	0.5241935483870968	0.46774193548387094	0.472	0.7699115044247787	0.9836065573770492	0.5590062111801242	0.2916666666666667	0.6919786096256685	0.0069284064665127015	1.0	0.38116100766703176	0.5423728813559322	0.8119999999999999	0.0	0.17094017094017094	0.0	0.9	0.0	1.0	1.0	0.5	0.2111111111111111	0.30274636510500813	0.4857142857142857	0.7	0.3125	0.25	0.3363774733637747	0.0	1.0	
1.0	0.0	0.6666666666666666	0.31451612903225806	0.4112903225806452	0.504	0.37168141592920356	0.7786885245901639	0.329192546583851	0.27777777777777785	0.6748663101604279	0.26558891454965355	1.0	0.5848849945235487	0.3728813559322034	0.4573333333333333	1.0	0.28205128205128205	0.05714285714285715	1.0	0.0	1.0	1.0	1.0	0.2222222222222222	0.2697899838449112	0.08571428571428572	0.9	0.3125	0.2897727272727273	0.4094368340943683	0.0	0.648	
0.0	0.0	1.0	0.41935483870967744	0.4838709677419355	0.496	0.7079646017699115	0.5409836065573771	0.49068322981366463	0.4027777777777779	0.5572192513368984	0.016166281755196306	0.6920000000000001	0.5399780941949617	0.5932203389830508	0.7266666666666667	1.0	0.25641025641025644	0.10178571428571428	0.8428571428571429	0.0	1.0	1.0	1.0	0.26666666666666666	0.3374798061389338	0.2571428571428571	0.77	0.359375	0.42613636363636365	0.4277016742770167	0.0	0.721	
0.0	0.0	0.0	0.9919354838709677	0.9193548387096774	0.984	0.18584070796460178	0.7786885245901639	0.15527950310559008	0.3287037037037037	0.0	0.020785219399538105	1.0	0.4490690032858708	0.0847457627118644	0.6666666666666666	1.0	0.03418803418803419	0.0	0.8357142857142857	0.0	1.0	1.0	0.375	0.06666666666666667	0.016316639741518577	0.6857142857142857	0.76	0.109375	0.03977272727272727	0.0989345509893455	0.0	1.0	
1.0	0.0	0.0	0.6048387096774194	0.49193548387096775	0.456	0.8141592920353983	0.5327868852459017	0.4037267080745342	0.7314814814814816	0.6684491978609626	0.0	0.667	0.41073384446878425	0.5932203389830508	0.0	1.0	0.03418803418803419	0.0	0.85	0.0	1.0	1.0	0.25	0.06666666666666667	0.10080775444264944	0.8285714285714286	0.71	0.109375	0.125	0.1232876712328767	0.0	0.667	
0.0	0.5	0.3333333333333333	0.6774193548387096	0.8064516129032258	0.656	0.9823008849557522	0.5081967213114754	0.4596273291925466	0.22222222222222227	0.4962566844919786	0.0	0.0	0.3373493975903615	0.5932203389830508	0.848	1.0	0.08547008547008547	0.0	0.7785714285714286	0.0	1.0	1.0	0.75	0.25555555555555554	0.37544426494345723	0.6	0.79	0.375	0.18181818181818182	0.2328767123287671	0.0	0.9390000000000001	
0.0	0.5	0.6666666666666666	0.9112903225806451	0.9516129032258065	0.904	0.8849557522123894	0.4426229508196721	0.4099378881987578	0.07407407407407407	0.21390374331550802	0.0	0.778	0.24424972617743704	0.423728813559322	0.0	1.0	0.11111111111111112	0.14285714285714285	0.6642857142857143	0.0	0.0	1.0	0.875	0.15555555555555556	0.20904684975767365	0.0	0.0	0.203125	0.24431818181818182	0.3363774733637747	0.0	0.935	
1.0	1.0	0.0	0.5725806451612904	0.6693548387096774	0.552	0.7433628318584071	1.0	0.47204968944099385	0.18981481481481483	0.7625668449197861	0.03233256351039261	1.0	0.3526834611171961	0.3389830508474576	0.0	1.0	0.025641025641025647	0.05892857142857143	0.9571428571428572	0.0	1.0	1.0	0.75	0.2111111111111111	0.14038772213247172	0.2	0.93	0.296875	0.0	0.1598173515981735	0.0	0.8	
0.0	0.75	0.6666666666666666	0.5	0.47580645161290325	0.536	0.5929203539823009	0.7540983606557377	0.37888198757763975	0.4907407407407408	0.5080213903743316	0.04157043879907621	1.0	0.37458926615553123	0.711864406779661	0.6666666666666666	1.0	0.11965811965811966	0.65	0.8357142857142857	0.0	1.0	1.0	0.75	0.36666666666666664	0.2906300484652666	0.2	0.84	0.28125	0.24431818181818182	0.2754946727549467	0.021	0.292	
0.0	0.75	1.0	0.21774193548387097	0.23387096774193547	0.216	0.7079646017699115	0.9754098360655737	0.453416149068323	0.45833333333333337	0.732620320855615	0.45958429561200925	1.0	0.3964950711938664	0.423728813559322	0.30266666666666664	1.0	0.4273504273504274	0.15178571428571427	0.8357142857142857	0.23148148148148145	1.0	1.0	0.875	0.4	0.4006462035541196	0.4857142857142857	0.83	0.515625	0.6193181818181818	0.9269406392694064	0.06	0.58	
0.0	0.25	0.0	0.9435483870967742	0.9919354838709677	1.0	0.7964601769911505	0.08196721311475409	0.006211180124223608	0.12962962962962962	0.12620320855614975	0.0	1.0	0.40963855421686746	0.423728813559322	0.0	1.0	0.051282051282051294	0.0	0.7928571428571428	0.0	1.0	1.0	0.875	0.12222222222222222	0.1815831987075929	0.6571428571428571	0.77	0.1875	0.08522727272727272	0.1354642313546423	0.0	0.9470000000000001	
0.0	1.0	0.3333333333333333	0.5161290322580645	0.5483870967741935	0.48	0.7610619469026548	0.6885245901639344	0.35403726708074534	0.4398148148148149	0.7775401069518717	0.06004618937644342	1.0	0.4490690032858708	0.5084745762711864	0.0	1.0	0.18803418803418806	0.0	0.8357142857142857	0.0	0.0	1.0	0.75	0.35555555555555557	0.5024232633279483	0.2571428571428571	0.91	0.515625	0.17045454545454544	0.452054794520548	0.063	0.6559999999999999	
0.0	0.0	0.0	0.8790322580645161	0.7903225806451613	0.592	0.7345132743362832	0.819672131147541	0.30434782608695654	0.38425925925925936	0.6106951871657754	0.07159353348729793	1.0	0.3198247535596933	0.5084745762711864	0.0	1.0	0.008547008547008546	0.1982142857142857	0.42857142857142855	0.0	1.0	1.0	0.875	0.07777777777777778	0.09579967689822297	0.17142857142857143	0.83	0.09375	0.028409090909090908	0.0076103500761035	0.0	0.5	
0.0	0.5	0.3333333333333333	0.5725806451612904	0.4274193548387097	0.576	0.168141592920354	0.7049180327868853	0.3726708074534162	0.20833333333333337	0.6962566844919785	0.16397228637413394	1.0	0.38663745892661555	0.4576271186440678	0.9853333333333334	1.0	0.1623931623931624	0.0	0.9428571428571428	0.0	1.0	1.0	0.75	0.14444444444444443	0.19369951534733443	0.37142857142857144	0.79	0.21875	0.19886363636363635	0.3120243531202435	0.0	0.537	
0.0	1.0	1.0	0.3790322580645161	0.45161290322580644	0.464	0.672566371681416	0.9016393442622951	0.453416149068323	0.4074074074074075	0.732620320855615	0.013856812933025403	0.955	0.34063526834611174	0.5508474576271186	0.5333333333333333	1.0	0.24786324786324787	0.15892857142857145	1.0	0.0	1.0	1.0	0.75	0.5	0.6117932148626818	0.2571428571428571	0.86	0.640625	0.4318181818181818	0.4885844748858447	0.038	0.57	
0.0	0.25	1.0	0.0967741935483871	0.10483870967741936	0.16	0.6194690265486725	0.7786885245901639	0.8074534161490684	0.4166666666666668	0.776470588235294	0.12933025404157045	1.0	0.3723986856516977	0.5474576271186441	0.556	1.0	0.5213675213675214	0.125	1.0	0.14930555555555555	1.0	1.0	0.875	0.5111111111111111	0.6549273021001616	0.4	0.0	0.671875	0.7556818181818182	0.8843226788432268	0.0	0.772	
0.0	0.25	0.3333333333333333	0.8548387096774194	0.9354838709677419	0.864	0.8761061946902655	0.6557377049180327	0.13043478260869565	0.09259259259259262	0.7262032085561498	0.04387990762124711	0.857	0.3592552026286966	0.5084745762711864	0.0	1.0	0.051282051282051294	0.0	0.8357142857142857	0.0	0.0	1.0	0.375	0.2777777777777778	0.4077544426494346	0.4857142857142857	0.78	0.390625	0.17613636363636365	0.1719939117199391	0.0	0.6970000000000001	
1.0	0.75	0.3333333333333333	0.3629032258064516	0.22580645161290322	0.424	0.08849557522123894	0.639344262295082	0.5031055900621119	0.3148148148148148	0.7454545454545455	0.10623556581986143	1.0	0.6188389923329682	0.42203389830508475	0.8146666666666667	1.0	0.15384615384615383	0.5428571428571428	1.0	0.0	1.0	1.0	0.75	0.3888888888888889	0.35767366720516963	0.2	0.89	0.34375	0.1534090909090909	0.1659056316590563	0.0	0.344	
0.0	0.5	0.3333333333333333	0.7258064516129032	0.6370967741935484	0.704	0.40707964601769914	0.4918032786885246	0.329192546583851	0.20833333333333337	0.6160427807486631	0.004618937644341801	1.0	0.4830230010952903	0.0847457627118644	0.0	1.0	0.18803418803418806	0.43928571428571433	0.7928571428571428	0.0	0.0	1.0	0.875	0.6	0.5492730210016156	0.4	0.8	0.609375	0.14204545454545456	0.3120243531202435	0.07400000000000001	0.889	
1.0	0.25	0.3333333333333333	0.6048387096774194	0.7016129032258065	0.76	0.5575221238938053	0.8278688524590164	0.2795031055900621	0.212962962962963	0.5882352941176471	0.023094688221709007	0.833	0.40087623220153346	0.37966101694915255	0.6666666666666666	1.0	0.08547008547008547	0.0	0.9428571428571428	0.0	1.0	1.0	1.0	0.1	0.14200323101777063	0.42857142857142855	0.85	0.15625	0.1875	0.2328767123287671	0.025	0.475	
0.0	0.25	0.0	0.9032258064516129	0.7096774193548387	0.76	0.5398230088495575	0.02459016393442623	0.3726708074534162	0.125	0.48983957219251334	0.027713625866050806	1.0	0.5377875136911282	0.3677966101694915	0.0	1.0	0.09401709401709403	0.0	0.8357142857142857	0.0	0.0	1.0	0.5	0.24444444444444444	0.35928917609046856	0.2571428571428571	0.88	0.359375	0.11931818181818182	0.1232876712328767	0.0	0.81	
0.0	0.25	0.0	0.8629032258064516	0.7580645161290323	0.92	0.3274336283185841	0.7213114754098361	0.2608695652173913	0.20370370370370372	0.2160427807486631	0.0	1.0	0.7535596933187294	0.4847457627118644	0.0	1.0	0.042735042735042736	0.1125	0.9857142857142858	0.0	0.0	1.0	1.0	0.05555555555555555	0.07479806138933766	0.37142857142857144	0.88	0.078125	0.022727272727272728	0.0	0.0	0.0	
1.0	0.0	0.3333333333333333	0.06451612903225806	0.08064516129032258	0.088	0.415929203539823	0.5737704918032787	0.2608695652173913	0.5925925925925927	0.6951871657754011	1.0	1.0	0.6955093099671413	0.5084745762711864	0.4106666666666667	1.0	0.20512820512820512	0.0	0.9857142857142858	0.0	1.0	1.0	1.0	0.05555555555555555	0.05379644588045235	0.0	1.0	0.09375	0.1590909090909091	0.1293759512937595	0.0	0.03	