0.0	0.3690674372585357	0.5093295749495551	0.038981452373467465	0.0	0.4870175936435868	0.23395934573664426	0.1286205748529575	0.005607476635514018	0.5616438356164384	0.05767940979208585	0.34089352035481196	0.0	0.4838709677419355	0.2608695652173913	0.328125	0.2222222222222222	0.0	0.3116883116883117	0.208955223880597	0.1095890410958904	0.3923611111111111	0.4444444444444444	0.8666666666666667	0.0	0.0	0.0	0.0	0.0	0.0	0.11428571428571428	0.0	0.8333333333333334	1.0	0.7974871706766861	
0.0	0.5288029651034959	0.6252675441092149	0.035460546997799436	0.0	0.5047531214528944	0.19725569769620527	0.13250471645766285	0.003738317757009346	0.547945205479452	0.06639839034205232	0.37532903039699994	0.0	0.1935483870967742	0.21739130434782608	0.40625	0.3333333333333333	0.0	0.4155844155844156	0.1791044776119403	0.0958904109589041	0.4618055555555556	0.3333333333333333	0.0	0.0	0.0	0.0	0.0	0.0	0.0	0.08571428571428572	0.0	0.2916666666666667	0.0	0.5836800549774787	
0.0	0.413151364764268	0.4750095199744383	0.05539138635649167	0.022288755821689953	0.3869182746878547	0.41070054654829435	0.11197425368993452	0.004361370716510903	0.4657534246575342	0.05298457411133468	0.27050805899109365	0.0	0.12903225806451613	0.17391304347826086	0.28125	0.2222222222222222	0.0	0.2597402597402597	0.3358208955223881	0.0821917808219178	0.2534722222222222	0.2777777777777778	0.2	0.0	0.0	0.0	0.0	0.0	0.0	0.05714285714285714	0.0	0.4583333333333333	0.0	0.5282618601211596	
0.8590432679387261	0.22811508622043533	0.23363549221550595	0.0	0.0	0.17778093076049944	0.5349794894896092	0.06458772611252914	0.007476635514018692	0.3561643835616438	0.04493628437290409	0.17718962968304908	0.0	0.41935483870967744	0.13043478260869565	0.203125	0.1111111111111111	0.0	0.23376623376623376	0.5485074626865671	0.0410958904109589	0.2569444444444444	0.0	0.0	0.0	0.0	0.0	0.0	0.0	0.6	0.05714285714285714	0.0	0.0	0.0	0.7990259424977404	
0.0	0.3636649181769639	0.32865577960930903	0.0	0.0	0.40075198637911463	0.5048176777079255	0.1127510820108756	0.005607476635514018	0.4520547945205479	0.05365526492287056	0.2918184112789817	0.0	0.16129032258064516	0.08695652173913043	0.25	0.1111111111111111	0.0	0.2987012987012987	0.458955223880597	0.0821917808219178	0.2708333333333333	0.3333333333333333	0.4	0.0	0.0	0.0	0.0	0.0	0.6	0.08571428571428572	0.0	0.5833333333333334	0.0	0.6259888102903498	
0.0	0.27229324371014857	0.3933653437914447	0.0	0.10711909514304724	0.3052639046538025	0.5521891830478339	0.07968039063366995	0.007476635514018692	0.7808219178082192	0.07310529845741114	0.20343994519164893	0.0	0.12903225806451613	0.043478260869565216	0.21875	0.1111111111111111	0.0	0.2597402597402597	0.41044776119402987	0.0821917808219178	0.21875	0.2777777777777778	0.2	0.0	0.0	0.0	0.0	0.0	0.0	0.08571428571428572	0.0	0.4583333333333333	0.0	0.4983529165701822	
0.0	0.3777994157740993	0.4212949791435962	0.01936497956617416	0.10578842315369262	0.422105561861521	0.34163852866488337	0.11630229719232049	0.003738317757009346	0.5753424657534246	0.09389671361502347	0.35217971369848194	0.0	0.5161290322580645	0.43478260869565216	0.390625	0.1111111111111111	0.0	0.42857142857142855	0.39925373134328357	0.1506849315068493	0.3888888888888889	0.5	0.6666666666666666	0.0	0.0	0.0	0.0	0.0	0.0	0.14285714285714285	0.0	0.5833333333333334	0.0	0.7462893936790839	
0.0	0.0	0.04291210546818578	0.0	0.0	0.0	0.9921864722320777	0.0	0.004361370716510903	0.8082191780821918	0.0	0.0	0.0	0.12903225806451613	0.08695652173913043	0.0	0.0	1.0	0.012987012987012988	0.8880597014925373	0.0	0.010416666666666666	0.05555555555555555	0.0	0.0	0.0	0.0	0.0	0.0	0.0	0.02857142857142857	0.0	0.0	0.0	0.48430975626153144	
0.555227089492072	0.07337374752646292	0.12386909269172353	0.011883055642879597	0.034597471723220224	0.0965522133938706	0.9007044134472407	0.0028853623349239816	0.0024922118380062306	0.4794520547945205	0.01006036217303823	0.058846861140157934	0.0	0.1935483870967742	0.043478260869565216	0.03125	0.1111111111111111	1.0	0.03896103896103896	1.0	0.0136986301369863	0.041666666666666664	0.1111111111111111	0.0	0.0	0.0	0.0	0.0	0.0	0.6	0.0	0.0	0.5	0.6	0.42667304086709046	
0.5933888739586133	0.09231397430662437	0.12392161668862461	0.0	0.09248170326014638	0.13138479001135073	0.8526472311807596	0.02363777605149262	0.01557632398753894	0.3698630136986301	0.012743125419181758	0.08282551472974435	0.0	0.25806451612903225	0.0	0.109375	0.2222222222222222	0.0	0.11688311688311688	0.8246268656716418	0.0273972602739726	0.2048611111111111	0.1111111111111111	0.2	0.0	0.0	0.0	0.0	0.0	0.8	0.02857142857142857	0.0	0.4583333333333333	0.0	0.4953724798876547	
0.0	0.7512485472877469	0.564020186722809	0.0	0.06786427145708583	0.7546821793416572	0.09631767571467867	0.1731217400954389	0.006230529595015576	0.6438356164383562	0.09322602280348759	0.8281469729203476	0.0	0.6774193548387096	0.6521739130434783	0.96875	0.3333333333333333	0.0	0.7402597402597403	0.12686567164179105	0.1506849315068493	0.4027777777777778	0.5555555555555556	0.6	0.0	0.0	0.0	0.0	0.0	0.0	0.2	0.0	0.7083333333333334	0.0	0.6503103687823534	
0.5053748992206396	0.7204824575179822	0.6722108663395588	0.009242376611128577	0.04890219560878244	0.7191401816118048	0.09668841963427906	0.21207413161691266	0.014330218068535825	0.4657534246575342	0.16163648558014757	0.613096311253741	0.0	0.3548387096774194	0.7391304347826086	0.671875	0.4444444444444444	0.0	0.6363636363636364	0.13059701492537312	0.1780821917808219	0.4756944444444444	0.4444444444444444	0.4	0.0	0.0	0.0	0.0	0.0	0.0	0.2	0.0	0.5833333333333334	0.0	0.49591030304841155	
0.6924213920988982	0.9747620692904482	0.8550293915532658	0.0	0.04823685961410512	0.8766316685584563	0.015487528254274519	0.21040949950061036	0.011838006230529595	0.4520547945205479	0.1381623071763917	0.6318825947427252	0.0	0.3870967741935484	0.43478260869565216	0.625	0.4444444444444444	0.0	0.6753246753246753	0.11940298507462686	0.1780821917808219	0.5555555555555556	0.5	0.26666666666666666	0.0	0.0	0.0	0.0	0.0	0.8	0.17142857142857143	0.0	0.5	0.0	0.18566850671905463	
0.8109379199140017	0.33475201809215693	0.29166575479172047	0.010562716127004088	0.01929474384564205	0.3542849035187287	0.5826978197865631	0.09344134946176895	0.016822429906542057	0.5068493150684932	0.06438631790744467	0.31518407673169146	0.0	0.25806451612903225	0.13043478260869565	0.359375	0.2222222222222222	0.0	0.2857142857142857	0.6268656716417911	0.0958904109589041	0.3611111111111111	0.2777777777777778	0.26666666666666666	0.0	0.0	0.0	0.0	0.7777777777777778	0.0	0.08571428571428572	0.0	0.4166666666666667	0.0	0.5106705609047381	
0.0	0.20118101579922731	0.28913584894098493	0.0	0.0	0.22304199772985245	0.5865647187329328	0.05082676728443014	0.004361370716510903	0.3424657534246575	0.01609657947686117	0.15703313741751704	0.0	0.12903225806451613	0.08695652173913043	0.125	0.1111111111111111	0.0	0.2077922077922078	0.4291044776119403	0.0684931506849315	0.21180555555555555	0.2777777777777778	0.0	0.0	0.0	0.0	0.0	0.0	0.0	0.05714285714285714	0.0	0.375	0.0	0.6692761049651536	
0.0	0.05358545089047335	0.062359115320812196	0.0	0.0	0.12194948921679909	0.7992481472770254	0.02685606480967706	0.0	0.5068493150684932	0.09590878604963111	0.12948472938376662	0.0	0.25806451612903225	0.0	0.109375	0.2222222222222222	0.0	0.14285714285714285	0.6940298507462687	0.0547945205479452	0.2326388888888889	0.2222222222222222	0.4666666666666667	0.0	0.0	0.0	0.0	0.0	0.0	0.02857142857142857	0.0	0.5416666666666666	0.6	0.7443696637858269	
0.0	0.03252504947074159	0.0	0.0	0.0	0.02149545970488082	1.0	0.01442681167461991	0.0161993769470405	0.4383561643835616	0.034875922199865864	0.04370244834673494	0.0	0.2903225806451613	0.17391304347826086	0.0625	0.1111111111111111	1.0	0.0	0.832089552238806	0.0136986301369863	0.0	0.05555555555555555	0.2	0.0	0.0	0.0	0.0	0.0	0.0	0.0	0.0	0.0	0.8	0.5148386904006036	
0.6472722386455254	0.14246003078179476	0.09285804952137508	0.012826155297076392	0.03226879574184963	0.13400964812712826	0.8512439853775409	0.030518255465542116	0.00809968847352025	0.5205479452054794	0.026156941649899398	0.19889662135362204	0.0	0.1935483870967742	0.30434782608695654	0.234375	0.3333333333333333	0.0	0.2597402597402597	0.8507462686567164	0.0410958904109589	0.14583333333333334	0.16666666666666666	0.2	0.0	0.0	0.0	0.0	0.8888888888888888	0.0	0.08571428571428572	0.0	0.5	0.0	0.498890739730939	
0.0	0.2679900744416873	0.325088524819777	0.018044640050298648	0.0	0.23744324631101021	0.6052414419945226	0.08012429253135057	0.014330218068535825	0.4794520547945205	0.03822937625754527	0.24313994158583638	0.0	0.1935483870967742	0.2608695652173913	0.265625	0.2222222222222222	0.0	0.2077922077922078	0.6828358208955224	0.0684931506849315	0.2326388888888889	0.2222222222222222	0.0	0.0	0.0	0.0	0.0	0.0	0.8	0.05714285714285714	0.0	0.625	0.8	0.5164820389473606	
0.0	0.18384269874674122	0.13506983503087974	0.01785602011945929	0.025282767797737856	0.20537741203178206	0.681263877981399	0.0686938186660748	0.012461059190031152	0.4657534246575342	0.04024144869215292	0.3242707244077453	0.0	0.41935483870967744	0.391304347826087	0.390625	0.1111111111111111	0.0	0.2597402597402597	0.7350746268656716	0.0547945205479452	0.1527777777777778	0.4444444444444444	0.6	0.0	0.0	0.0	0.0	0.0	1.0	0.11428571428571428	0.0	0.75	0.8	0.7249258625712429	
0.37718355280838484	0.9222759682130854	0.9838926409503341	0.0	0.03359946773120426	0.8279653802497162	0.02194564814408783	0.23659971146376652	0.019937694704049845	0.589041095890411	0.13682092555331993	0.6162333681895215	0.0	0.41935483870967744	0.43478260869565216	0.546875	0.6666666666666666	0.0	0.6363636363636364	0.09701492537313433	0.1506849315068493	0.6875	0.3888888888888889	0.0	0.0	0.0	0.0	0.0	0.0	0.0	0.2571428571428571	0.0	0.0	0.0	0.002875859956824752	
0.5348024724536415	0.880060935389641	0.8726468155138379	0.0	0.07817697937458416	0.8158342792281499	0.07423648678277994	0.2144046165797359	0.017445482866043614	0.684931506849315	0.16633132126089872	0.6319186528684239	0.0	0.3870967741935484	0.5652173913043478	0.65625	0.7777777777777778	0.0	0.7012987012987013	0.20522388059701493	0.2054794520547945	0.5173611111111112	0.4444444444444444	0.0	0.0	0.0	0.7142857142857143	0.0	0.0	0.0	0.2571428571428571	0.0	0.375	0.0	0.10404637230808303	
0.8490997043805428	1.0	0.8652628169494938	0.0	0.07684630738522955	0.8613081725312145	0.029543905249016334	0.19343025191432694	0.00809968847352025	0.8767123287671232	0.023474178403755867	0.6019904085385641	0.0	0.3548387096774194	0.4782608695652174	0.671875	0.4444444444444444	0.0	0.6363636363636364	0.06716417910447761	0.136986301369863	0.5868055555555556	0.4444444444444444	0.0	0.0	0.0	0.0	0.0	0.0	0.6	0.08571428571428572	0.0	0.4166666666666667	0.6	0.13067608853166807	
1.0	0.953654552878726	0.8483719749460534	0.0	0.029607451763140388	0.7972474460839954	0.014941378609271787	0.19076684052824325	0.011838006230529595	0.6301369863013698	0.28504359490274983	0.5547182057476653	0.0	0.9032258064516129	0.34782608695652173	0.5625	0.3333333333333333	0.0	0.5844155844155844	0.033582089552238806	0.1643835616438356	0.5520833333333334	0.4444444444444444	0.0	0.0	0.0	0.0	0.0	0.0	0.0	0.2	0.0	0.375	0.0	0.21559985956839692	
0.5348024724536415	0.8403587021390206	0.7614403830750174	0.0	0.04491017964071856	0.8232122587968218	0.028563227784266905	0.2190655865053823	0.011214953271028037	0.3561643835616438	0.19785378940308518	0.6321350016226157	0.0	0.7741935483870968	0.391304347826087	0.6875	0.4444444444444444	0.0	0.6493506493506493	0.055970149253731345	0.1643835616438356	0.5590277777777778	0.5555555555555556	0.4666666666666667	0.0	0.0	0.0	0.0	0.0	0.0	0.2	0.0	0.6666666666666666	0.0	0.3980264877906673	
0.4614350980919108	0.8357414329239564	0.7230322103410995	0.06878340144608613	0.0771789753825682	0.6654370034052214	0.0691258017835573	0.19054488957940297	0.014330218068535825	0.6164383561643836	0.3494299128101945	0.6318465366170266	0.0	1.0	0.7391304347826086	0.765625	0.3333333333333333	0.0	0.6493506493506493	0.12686567164179105	0.2054794520547945	0.4583333333333333	0.3888888888888889	0.0	0.0	0.0	0.0	0.0	0.0	0.0	0.2	0.0	0.2916666666666667	0.0	0.4017389615531138	
0.6135447460360118	0.27240317869145964	0.23715022300813685	0.0	0.015302727877578177	0.28135641316685583	0.5735846950531599	0.11330595938297636	0.0	0.547945205479452	0.09926224010731052	0.4063029603721199	0.0	0.2903225806451613	0.2608695652173913	0.4375	0.4444444444444444	0.0	0.35064935064935066	0.47761194029850745	0.1095890410958904	0.25	0.3333333333333333	0.3333333333333333	0.0	0.0	0.0	0.0	0.0	0.0	0.05714285714285714	0.0	0.625	0.6	0.6503925362096913	
0.0	0.7161478782548607	0.7467643029409061	0.0	0.07119095143047238	0.744750283768445	0.02864694415320893	0.2102985240261902	0.012461059190031152	0.5205479452054794	0.1522468142186452	0.6003677928821259	0.0	0.6451612903225806	0.391304347826087	0.609375	0.6666666666666666	0.0	0.6623376623376623	0.08208955223880597	0.136986301369863	0.5277777777777778	0.5555555555555556	0.6	0.0	0.0	0.0	0.0	0.0	0.0	0.17142857142857143	0.0	0.5	0.0	0.5270816370739432	
0.5850577801666219	0.8421333668373276	0.9075139954566742	0.0	0.051563539587491686	0.7955448354143019	0.011026641737792359	0.20597048052380423	0.012461059190031152	0.7671232876712328	0.10596914822266935	0.558215843940432	0.0	0.5483870967741935	0.5217391304347826	0.5625	0.5555555555555556	0.0	0.6363636363636364	0.06716417910447761	0.1506849315068493	0.6180555555555556	0.5	0.0	0.0	0.0	0.0	0.0	0.0	0.0	0.17142857142857143	0.0	0.5416666666666666	0.0	0.19773217900547535	
0.7391830153184628	0.8501900304676948	0.8105328121785641	0.0	0.07152361942781105	0.7778093076049943	0.06928127504016393	0.22084119409610475	0.014953271028037384	0.5205479452054794	0.11066398390342053	0.5896224714239354	0.0	0.3870967741935484	0.43478260869565216	0.609375	0.5555555555555556	0.0	0.6753246753246753	0.09701492537313433	0.1780821917808219	0.6215277777777778	0.5	0.2	0.0	0.0	0.0	0.0	0.0	0.0	0.22857142857142856	0.0	0.4583333333333333	0.0	0.23556654441149447	
0.0	0.647485629927443	0.7618737060494514	0.0	0.04890219560878244	0.6969353007945517	0.04372386355029161	0.24858506270114306	0.01806853582554517	0.684931506849315	0.664654594232059	0.5776151155662929	0.0	0.25806451612903225	0.5652173913043478	0.671875	0.5555555555555556	0.0	0.6363636363636364	0.1417910447761194	0.2191780821917808	0.5347222222222222	0.5555555555555556	0.26666666666666666	0.0	0.0	0.0	0.0	0.0	0.0	0.34285714285714286	0.0	0.5	0.6	0.5073390452144944	
0.0	0.6543801237553789	0.7800338779780012	0.0	0.028609447771124417	0.7949772985244041	0.022834636252376948	0.2567972478082344	0.008722741433021807	0.5205479452054794	0.05835010060362173	0.537482421663722	0.0	0.1935483870967742	0.4782608695652174	0.640625	0.3333333333333333	0.0	0.6623376623376623	0.11940298507462686	0.2054794520547945	0.7083333333333334	0.6666666666666666	0.6	0.0	0.0	0.0	0.0	0.7777777777777778	0.0	0.14285714285714285	0.0	0.625	0.0	0.516750950527739	
0.0	0.7561956214467443	0.9395492565665938	0.0	0.03759148369926813	0.8125709421112373	0.0415671704265947	0.2701143047386528	0.01557632398753894	0.6986301369863014	0.0482897384305835	0.5179028594093679	0.0	0.16129032258064516	0.43478260869565216	0.59375	0.2222222222222222	0.0	0.6363636363636364	0.1455223880597015	0.2054794520547945	0.8194444444444444	0.5555555555555556	0.0	0.0	0.0	0.0	0.0	0.0	0.0	0.14285714285714285	0.0	0.4583333333333333	0.0	0.1619370597506592	
0.0	0.7104626692213463	0.8977620400320396	0.0	0.03359946773120426	0.8625141884222475	0.015041040953250387	0.2910886694040617	0.032398753894081	0.9041095890410958	0.8497652582159625	0.6753326362095698	0.0	0.7741935483870968	0.6086956521739131	0.703125	0.8888888888888888	0.0	0.7532467532467533	0.1865671641791045	0.3424657534246575	0.6319444444444444	0.6666666666666666	0.3333333333333333	0.0	0.0	0.0	0.0	0.0	0.0	0.45714285714285713	0.0	0.4583333333333333	0.0	0.2560710524153489	
0.6960494490728298	0.793008135188617	0.7353184486162115	0.17434768940584722	0.1490352628077179	0.8133513053348468	0.10451390688347878	0.24103873044057264	0.014953271028037384	0.7671232876712328	0.051643192488262914	0.6348754191757112	0.0	0.41935483870967744	0.782608695652174	0.828125	0.4444444444444444	0.0	0.7532467532467533	0.17537313432835822	0.2602739726027397	0.6527777777777778	0.6111111111111112	0.3333333333333333	0.0	0.0	0.0	0.0	0.0	0.6	0.2	0.0	0.5416666666666666	0.0	0.2905440230666378	
0.0	0.6401199861796023	0.7059881733466977	0.10952530650738762	0.9174983366600133	0.7315550510783201	0.09868166651385107	0.5242481411608034	0.3501557632398754	0.0	0.37759892689470154	0.5879277395161	0.0	0.5483870967741935	0.5652173913043478	0.71875	0.4444444444444444	0.0	0.6883116883116883	0.3358208955223881	0.3424657534246575	0.4930555555555556	0.7222222222222222	0.6	0.0	0.0	0.0	0.0	0.0	0.0	0.2	0.0	0.8333333333333334	0.0	0.44543709336460674	
0.0	0.6434494456135943	0.7906130863538279	0.008047783715812638	0.031936127744510975	0.6808314415437003	0.08997117765012139	0.2688935745200311	0.022429906542056073	0.6712328767123288	0.36284372904091217	0.5146576280964915	0.0	0.4838709677419355	0.6086956521739131	0.671875	0.4444444444444444	0.0	0.7012987012987013	0.19402985074626866	0.2876712328767123	0.5625	0.6666666666666666	0.3333333333333333	0.0	0.0	0.0	0.0	0.0	0.0	0.2571428571428571	0.0	0.375	0.6	0.38940637768631464	
0.554420854608976	0.9548481326758175	0.8620894921367199	0.05469977994341402	0.10844976713240187	0.897772417707151	0.04541812339792782	0.24769725890578181	0.01806853582554517	0.6712328767123288	0.06639839034205232	0.5928316446111132	0.0	0.2903225806451613	0.4782608695652174	0.75	0.2222222222222222	0.0	0.6883116883116883	0.11940298507462686	0.2191780821917808	0.6215277777777778	0.6111111111111112	0.0	0.0	0.0	0.0	0.0	0.0	0.0	0.2	0.0	0.4583333333333333	0.6	0.13060886063657348	
0.0	0.653547758896881	0.7729475153960966	0.005281358063502044	0.03127079174983367	0.7758938706015891	0.008690556394933964	0.26090334036178003	0.011214953271028037	0.5616438356164384	0.1596244131455399	0.4788519092777557	0.0	0.3870967741935484	0.43478260869565216	0.5625	0.3333333333333333	0.0	0.6363636363636364	0.11194029850746269	0.1917808219178082	0.5277777777777778	0.5555555555555556	0.3333333333333333	0.0	0.0	0.0	0.0	0.0	0.6	0.17142857142857143	0.0	0.5416666666666666	0.0	0.5682325786379628	
0.0	0.6200175895970098	0.7497756787632349	0.03445457403332285	0.057218895542248835	0.7131101021566402	0.06883080124538066	0.22061924314726444	0.013084112149532711	0.6712328767123288	0.14017437961099932	0.5821944975300184	0.0	0.3870967741935484	0.5652173913043478	0.59375	0.3333333333333333	0.0	0.6493506493506493	0.1417910447761194	0.273972602739726	0.5555555555555556	0.7222222222222222	0.7333333333333333	0.0	0.0	0.0	0.0	0.0	0.0	0.2571428571428571	0.0	0.7916666666666666	0.0	0.49473754976731676	
0.0	0.7347268900964287	0.9714050606871014	0.0	0.0	0.8474035187287173	0.004771833029695392	0.2908667184552214	0.02118380062305296	0.5205479452054794	0.37759892689470154	0.6358129304438755	0.0	0.03225806451612903	0.43478260869565216	0.65625	0.7777777777777778	0.0	0.7532467532467533	0.16791044776119404	0.1780821917808219	0.5868055555555556	0.5555555555555556	0.0	0.0	0.0	0.0	0.0	0.0	0.0	0.45714285714285713	0.0	0.375	0.0	0.15476608427390137	
0.0	0.8933944781229387	0.9905019105603873	0.0	0.04856952761144378	0.9161464245175936	0.030133906325369646	0.25213627788258797	0.020560747663551402	0.4794520547945205	0.03822937625754527	0.6220747845526989	0.0	0.0967741935483871	0.6956521739130435	0.859375	0.2222222222222222	0.0	0.7922077922077922	0.16417910447761194	0.1917808219178082	0.5902777777777778	0.6111111111111112	0.0	0.0	0.0	0.0	0.0	0.0	0.8	0.11428571428571428	0.0	0.4583333333333333	0.0	0.0	
0.0	0.7086251845337186	0.8803941050567478	0.0	0.05123087159015303	0.838677639046538	0.0775014251715189	0.24692043058484076	0.0161993769470405	0.7397260273972602	0.23675385647216632	0.4951862402192334	0.0	0.0967741935483871	0.6086956521739131	0.703125	0.3333333333333333	0.0	0.7272727272727273	0.19029850746268656	0.2328767123287671	0.5972222222222222	0.6666666666666666	0.26666666666666666	0.0	0.0	0.0	0.0	0.0	0.8	0.5428571428571428	0.0	0.5	0.0	0.2193422123953299	
0.0	0.6391776863397933	0.8628773520902362	0.012134548883998742	0.02594810379241517	0.6660045402951191	0.04811299317910918	0.18233270447231162	0.007476635514018692	0.5205479452054794	0.029510395707578806	0.38636281686077956	0.0	0.16129032258064516	0.4782608695652174	0.484375	0.0	0.0	0.4935064935064935	0.07462686567164178	0.1232876712328767	0.5381944444444444	0.5	0.26666666666666666	0.0	0.0	0.0	0.0	0.0	0.0	0.11428571428571428	0.0	0.5416666666666666	0.0	0.38490957848109775	
0.0	0.7350409900430317	0.950605557914272	0.0	0.022288755821689953	0.721977866061294	0.01602570491175896	0.25690822328265456	0.021806853582554516	0.5068493150684932	0.09389671361502347	0.49331121768290487	0.0	0.0967741935483871	0.4782608695652174	0.71875	0.1111111111111111	0.0	0.6883116883116883	0.12313432835820895	0.1643835616438356	0.5138888888888888	0.5555555555555556	0.0	0.0	0.0	0.0	0.0	0.0	0.6	0.11428571428571428	0.0	0.20833333333333334	0.0	0.21709381279272147	
0.0	0.690595847598706	0.9636884101423838	0.0853819553599497	0.04058549567531603	0.7939131668558457	0.06150362571607394	0.2737764953945178	0.027414330218068536	0.8356164383561644	0.8222669349429913	0.5217250207334223	0.0	0.3225806451612903	0.5652173913043478	0.625	0.6666666666666666	0.0	0.6883116883116883	0.1791044776119403	0.273972602739726	0.5416666666666666	0.6111111111111112	0.26666666666666666	0.0	0.0	0.0	0.0	0.0	0.0	0.37142857142857144	0.0	0.4166666666666667	0.4	0.09673347127501437	
0.0	0.6870151082074316	0.972529949620733	0.0	0.03825681969394544	0.8746452894438138	0.007550419179818774	0.269559427366552	0.026168224299065422	0.7808219178082192	0.6150234741784038	0.634226372913136	0.0	0.5161290322580645	0.6956521739130435	0.625	0.6666666666666666	0.0	0.7402597402597403	0.16417910447761194	0.2328767123287671	0.5763888888888888	0.7222222222222222	0.4	0.0	0.0	0.0	0.0	0.0	0.0	0.2571428571428571	0.0	0.5416666666666666	0.0	0.16533580333599754	
0.0	0.8597543738417565	0.9527896807854088	0.00767054385413392	0.05289421157684631	0.8942253121452894	0.01890793989962009	0.27888136721784484	0.014953271028037384	0.8082191780821918	0.13615023474178403	0.6257527133739588	0.0	0.25806451612903225	0.43478260869565216	0.78125	0.2222222222222222	0.0	0.7402597402597403	0.13805970149253732	0.1917808219178082	0.5277777777777778	0.6111111111111112	0.0	0.0	0.0	0.9047619047619048	0.0	0.7777777777777778	0.0	0.17142857142857143	0.0	0.4583333333333333	0.4	0.09898187087762282	
0.0	0.6590602129597638	0.9647957910770484	0.0	0.01929474384564205	0.7985953461975028	0.011732251133160851	0.25801797802685605	0.014330218068535825	0.547945205479452	0.1341381623071764	0.5994302816139617	0.0	0.0	0.43478260869565216	0.625	0.3333333333333333	0.0	0.6753246753246753	0.13059701492537312	0.1643835616438356	0.5243055555555556	0.6111111111111112	0.2	0.0	0.0	0.0	0.0	0.0	0.0	0.2857142857142857	0.0	0.625	0.0	0.2065016844322604	
0.0	0.4877972170744731	0.41906270927530015	1.0	1.0	0.4706299659477866	0.2362635391294295	1.0	1.0	0.0	0.23205902079141516	0.4531785237803339	0.0	0.8387096774193549	0.6521739130434783	0.828125	0.3333333333333333	0.0	0.6363636363636364	0.7089552238805971	1.0	0.5381944444444444	0.6666666666666666	0.7333333333333333	0.0	0.0	0.0	0.0	0.0	0.0	0.2	0.0	0.875	0.8	0.6579668790570167	
0.0	0.6125577158651883	0.8108304481610036	0.0	0.04058549567531603	0.8237797956867197	0.06116876024030585	0.27366551992009763	0.016822429906542057	0.6301369863013698	0.20590207914151576	0.6105722424548372	0.0	0.2903225806451613	0.6086956521739131	0.796875	0.4444444444444444	0.0	0.8181818181818182	0.23134328358208955	0.273972602739726	0.5069444444444444	0.9444444444444444	0.6666666666666666	0.0	0.0	0.0	0.0	0.0	0.6	0.34285714285714286	0.0	0.9166666666666666	0.6	0.3906837076931121	
0.0	0.7389986493702296	0.8925183943414148	0.03891857906318768	0.04757152361942781	0.776177639046538	0.04525866364756206	0.25835090445011655	0.019937694704049845	0.7808219178082192	0.10194500335345406	0.564778422817582	0.0	0.12903225806451613	0.4782608695652174	0.75	0.2222222222222222	0.0	0.7792207792207793	0.19029850746268656	0.273972602739726	0.5138888888888888	0.7222222222222222	0.0	0.0	0.0	0.0	0.0	0.0	0.0	0.2571428571428571	0.0	0.5416666666666666	0.0	0.2331388704219671	
0.0	0.4726733046455382	0.5288291087990826	0.04684061615844074	0.15635395874916833	0.5658342792281499	0.182744860412921	0.21584729774719788	0.014330218068535825	0.6164383561643836	0.17706237424547283	0.6117982187285905	0.0	0.1935483870967742	1.0	0.8125	0.5555555555555556	0.0	0.7662337662337663	0.2537313432835821	0.2191780821917808	0.4236111111111111	0.7222222222222222	0.4	0.0	0.0	0.0	0.0	0.0	0.0	0.2571428571428571	0.0	0.7083333333333334	0.0	0.7339642795784064	
0.0	0.5187203568175394	0.6455024139153576	0.0223828984596039	0.10678642714570859	0.688422247446084	0.1032023504367204	0.2428143380312951	0.017445482866043614	0.6027397260273972	0.10663983903420524	0.5597663433454729	0.0	0.3870967741935484	0.8695652173913043	0.78125	0.3333333333333333	0.0	0.8181818181818182	0.26119402985074625	0.2328767123287671	0.5486111111111112	0.8888888888888888	0.5333333333333333	0.0	0.0	0.0	0.0	1.0	0.0	0.22857142857142856	0.0	0.7083333333333334	0.0	0.6624113898993822	
0.0	0.6332097873543362	0.8054073454809666	0.0433825840930525	0.03792415169660679	0.7571651532349603	0.05565543937140966	0.3009654866274553	0.019314641744548288	0.7534246575342466	0.24413145539906103	0.6735297299246386	0.0	0.12903225806451613	0.5652173913043478	0.84375	0.3333333333333333	0.0	0.8571428571428571	0.22761194029850745	0.2465753424657534	0.6284722222222222	0.7222222222222222	0.3333333333333333	0.0	0.0	0.0	0.0	0.0	0.0	0.37142857142857144	0.0	0.5833333333333334	0.0	0.38688906650332777	
0.0	0.23281088042215034	0.2123107494736658	0.04621188305564288	0.17997338656021292	0.4160754824063564	0.41099953358023017	0.1624680945511042	0.014953271028037384	0.4931506849315068	0.0818242790073776	0.5164605343814228	0.0	0.22580645161290322	0.7391304347826086	0.890625	0.3333333333333333	0.0	0.8701298701298701	0.332089552238806	0.2602739726027397	0.4027777777777778	0.8888888888888888	0.6666666666666666	0.0	0.0	0.0	0.0	0.0	0.8	0.2857142857142857	0.0	0.9166666666666666	0.0	1.0	
0.0	0.5615792945315199	0.728573492014164	0.36372209996856336	0.08616101131071191	0.6386208853575482	0.10185890203988886	0.2712240594828543	0.03613707165109034	0.6301369863013698	0.21864520456069753	0.4490318393249919	0.0	0.3225806451612903	0.4782608695652174	0.625	0.2222222222222222	0.0	0.7142857142857143	0.20149253731343283	0.3972602739726027	0.5416666666666666	0.7777777777777778	0.4666666666666667	0.0	0.0	0.0	0.0	0.0	0.0	0.2571428571428571	0.0	0.5416666666666666	0.0	0.487842955637059	
0.0	0.5698715331218394	0.7330993097471408	0.0	0.041916167664670656	0.6645147559591373	0.0806627147225201	0.2688935745200311	0.027414330218068536	0.5068493150684932	0.07176391683433937	0.5752713373958822	0.0	0.0967741935483871	0.6086956521739131	0.8125	0.2222222222222222	0.0	0.8051948051948052	0.19029850746268656	0.2054794520547945	0.4756944444444444	0.6666666666666666	0.26666666666666666	0.0	0.0	0.0	0.0	0.0	0.0	0.22857142857142856	0.0	0.5416666666666666	0.0	0.5333935894467144	
0.0	0.7069133398247323	0.805473000477093	0.0	0.05854956753160346	0.8737939841089671	0.03849358373829466	0.3060703584507824	0.01806853582554517	0.7123287671232876	0.09725016767270288	0.7054411711679227	0.0	0.25806451612903225	0.6521739130434783	1.0	0.3333333333333333	0.0	0.948051948051948	0.22761194029850745	0.2328767123287671	0.5659722222222222	0.9444444444444444	0.4	0.0	0.0	0.0	0.0	0.0	0.6	0.3142857142857143	0.0	0.6666666666666666	0.0	0.37092617630142	
0.0	0.6658133618117285	0.850687407809443	0.023451744734360264	0.05123087159015303	0.8017877412031782	0.05152543183693646	0.27055820663633334	0.020560747663551402	0.7534246575342466	0.08316566063044936	0.6774600656257888	0.0	0.16129032258064516	0.5217391304347826	0.859375	0.3333333333333333	0.0	0.8441558441558441	0.19402985074626866	0.3013698630136986	0.6493055555555556	0.8333333333333334	0.4	0.0	0.0	0.0	0.0	0.0	0.0	0.34285714285714286	0.0	0.625	0.0	0.30219685821636927	
0.0	0.53027923485253	0.6018681034897819	0.03508330713612072	0.09314703925482369	0.67238933030647	0.1383313334422975	0.2470314060592609	0.019314641744548288	0.4657534246575342	0.09926224010731052	0.5298380990156132	0.0	0.6451612903225806	0.5652173913043478	0.828125	0.3333333333333333	0.0	0.8701298701298701	0.23134328358208955	0.2328767123287671	0.4722222222222222	1.0	1.0	0.0	0.0	0.0	0.0	0.0	0.0	0.2857142857142857	0.0	1.0	0.0	0.6721743742203432	
0.0	0.6648867669692496	0.6889178743538454	0.19075762338887142	0.1370592149035263	0.6791288308740068	0.13660518164458813	0.2673399178781489	0.021806853582554516	0.9041095890410958	0.11267605633802817	0.670500847365954	0.0	0.3225806451612903	0.5217391304347826	0.953125	0.3333333333333333	0.0	0.9090909090909091	0.24253731343283583	0.3150684931506849	0.5381944444444444	0.7777777777777778	0.0	0.0	0.0	0.0	0.0	0.0	0.6	0.34285714285714286	0.0	0.4583333333333333	0.0	0.4117110993254801	
0.0	0.7302823758519961	0.6908437542402185	0.0502357749135492	0.059880239520958084	0.6831015891032917	0.10601681503067607	0.2591277327710576	0.03925233644859813	0.684931506849315	0.6103286384976526	0.8873904734431904	0.0	0.3548387096774194	0.5652173913043478	0.890625	1.0	0.0	0.7922077922077922	0.208955223880597	0.1917808219178082	0.5104166666666666	0.6666666666666666	0.2	0.0	0.0	0.0	0.0	0.0	0.8	1.0	0.0	0.4583333333333333	0.0	0.40268015208443825	
0.0	0.6802148443634765	0.7687762346422021	0.0	0.054890219560878244	0.7900822928490352	0.04839204774224926	0.3012984130507158	0.021806853582554516	0.6575342465753424	0.28504359490274983	0.9312010961670213	0.0	0.2903225806451613	0.6956521739130435	0.96875	0.7777777777777778	0.0	0.987012987012987	0.26119402985074625	0.2328767123287671	0.4826388888888889	0.8888888888888888	0.3333333333333333	0.0	0.0	0.0	0.0	0.0	0.0	0.7142857142857143	0.0	0.625	0.0	0.3880543500183009	
0.0	0.6489147846844866	0.8641773210135381	0.0	0.052228875582168995	0.8178206583427923	0.11823143190869334	0.2895350127621796	0.018691588785046728	0.5753424657534246	0.03755868544600939	0.4534309306602243	0.0	0.06451612903225806	0.6521739130434783	0.6875	0.1111111111111111	0.0	0.8051948051948052	0.22761194029850745	0.1917808219178082	0.6875	0.7777777777777778	0.4	0.0	0.0	0.0	0.0	0.8888888888888888	0.0	0.2	0.0	0.5833333333333334	0.0	0.20907128397809865	
0.0	0.660646417690109	0.6863266905067252	0.045834643193964165	0.10379241516966067	0.7772417707150965	0.11838291867154083	0.2958606148041283	0.013707165109034268	0.589041095890411	0.09389671361502347	0.6346230122958209	0.0	0.1935483870967742	0.8695652173913043	0.921875	0.2222222222222222	0.0	1.0	0.25	0.273972602739726	0.53125	0.8888888888888888	0.4	0.0	0.0	0.0	0.0	0.7777777777777778	0.0	0.2857142857142857	0.0	0.75	0.0	0.46574738744929894	
0.0	0.8191726607406477	0.8735353464614145	0.0716755737189563	0.044577511643379905	0.843288876276958	0.064134711597109	0.27533015203639993	0.013707165109034268	1.0	0.09121395036887994	0.6440341831031623	0.0	0.1935483870967742	0.6521739130434783	0.9375	0.2222222222222222	0.0	0.8571428571428571	0.17537313432835822	0.2328767123287671	0.4965277777777778	0.6666666666666666	0.0	0.0	0.0	0.0	0.0	0.0	0.0	0.2571428571428571	0.0	0.5833333333333334	0.0	0.1635729385312946	
0.0	0.7630901152746804	0.9583397164579567	0.1749764225086451	0.09946773120425816	0.8574063564131669	0.050154077983790915	0.2989679280878926	0.024922118380062305	0.8767123287671232	0.1374916163648558	0.5898027620524285	0.0	0.22580645161290322	0.5652173913043478	0.796875	0.2222222222222222	0.0	0.8181818181818182	0.19029850746268656	0.2876712328767123	0.5173611111111112	0.7222222222222222	0.0	0.0	0.0	0.0	0.0	0.0	0.0	0.2857142857142857	0.0	0.4166666666666667	0.0	0.06579369999925302	
0.0	0.7143732135565537	1.0	0.22955045583149952	0.056553559547571526	0.8547105561861521	0.04474041945887334	0.29685939407390965	0.02554517133956386	0.684931506849315	0.48558014755197854	0.5124220243031767	0.0	0.3548387096774194	0.34782608695652173	0.6875	0.4444444444444444	0.0	0.8051948051948052	0.20149253731343283	0.2602739726027397	0.5069444444444444	0.7222222222222222	0.0	0.0	0.0	0.0	0.0	0.0	0.0	0.6	0.0	0.4583333333333333	0.0	0.03513777983611333	
0.0	0.7105254892106668	0.8572003834251773	0.07337315309651053	0.07684630738522955	0.8005817253121453	0.06739964998584795	0.29031184108312064	0.041121495327102804	0.6575342465753424	1.0	0.670212382360365	0.0	0.4838709677419355	0.43478260869565216	0.796875	0.5555555555555556	0.0	0.8571428571428571	0.24253731343283583	0.2465753424657534	0.5243055555555556	0.7777777777777778	0.26666666666666666	0.0	0.0	0.0	0.0	0.7777777777777778	0.0	0.45714285714285713	0.0	0.6666666666666666	0.6	0.22351781165731702	
0.0	0.6112384960894557	0.7597421071752157	0.0	0.04491017964071856	0.7253121452894438	0.10853627908645509	0.29574963932970816	0.024299065420560748	0.5753424657534246	0.14151576123407109	0.602206757292756	0.0	0.3225806451612903	0.6086956521739131	0.703125	0.4444444444444444	0.0	0.8961038961038961	0.24253731343283583	0.3013698630136986	0.4895833333333333	0.8888888888888888	0.4	0.0	0.0	0.0	0.0	0.0	0.0	0.34285714285714286	0.0	0.7083333333333334	0.0	0.4010442733038029	
0.0	0.6513961742626504	0.6852236865718024	0.020873939012889028	0.05588822355289421	0.7268728717366629	0.07567561102983093	0.29242037509710356	0.027414330218068536	0.6164383561643836	0.20858484238765929	0.9689900118991814	0.0	0.25806451612903225	0.7391304347826086	0.921875	0.5555555555555556	0.0	0.974025974025974	0.2537313432835821	0.2876712328767123	0.5416666666666666	0.8888888888888888	0.4666666666666667	0.0	0.0	0.0	0.0	0.0	0.0	0.9714285714285714	0.0	0.6666666666666666	0.6	0.490733755126127	
0.0	0.7119075289757201	0.8497288448659982	0.0	0.04624085163007319	0.914727582292849	0.060841867752056036	0.32116302297192323	0.022429906542056073	0.5205479452054794	0.28034875922199864	0.7321241841849061	0.0	0.3225806451612903	0.6956521739130435	0.828125	0.4444444444444444	0.0	0.961038961038961	0.26492537313432835	0.2602739726027397	0.5138888888888888	0.8888888888888888	0.3333333333333333	0.0	0.0	0.0	0.0	0.0	0.0	0.6285714285714286	0.0	0.875	0.0	0.2385619206262652	
0.0	0.6637403021641486	0.7947974981069477	0.0	0.05056553559547571	0.8291713961407492	0.06777039390544834	0.3057374320275219	0.01557632398753894	0.4794520547945205	0.11267605633802817	0.6256445389968629	0.0	0.25806451612903225	0.6521739130434783	0.828125	0.2222222222222222	0.0	0.935064935064935	0.24253731343283583	0.2465753424657534	0.5	0.8888888888888888	0.5333333333333333	0.0	0.0	0.0	0.0	0.0	0.0	0.3142857142857143	0.0	0.8333333333333334	0.0	0.37639404510244784	
0.0	0.7276125263058705	0.9587380234344566	0.0	0.046906187624750496	0.8921679909194098	0.05652449501090306	0.317389856841638	0.019314641744548288	0.6301369863013698	0.10663983903420524	0.6590343633937908	0.0	0.25806451612903225	0.6521739130434783	0.765625	0.3333333333333333	0.0	0.935064935064935	0.23507462686567165	0.2465753424657534	0.46875	0.8333333333333334	0.0	0.0	0.0	0.0	0.0	0.0	0.6	0.45714285714285713	0.0	0.6666666666666666	0.0	0.0731439498629298	
0.0	0.6564845933976191	0.8243991473604503	0.006350204338258409	0.08616101131071191	0.7890181611804767	0.10007693932955147	0.3011874375762956	0.01806853582554517	0.7534246575342466	0.11133467471495641	0.6380485342371903	0.0	0.2903225806451613	0.6956521739130435	0.765625	0.2222222222222222	0.0	0.9090909090909091	0.23507462686567165	0.2602739726027397	0.5381944444444444	0.8333333333333334	0.4666666666666667	0.0	0.0	0.0	0.0	0.0	0.0	0.34285714285714286	0.0	0.6666666666666666	0.0	0.26904603616860756	
0.0	0.7305650658039388	0.7743700403121676	0.0	0.0688622754491018	0.8114358683314415	0.05088360634171427	0.2939740317389857	0.02118380062305296	0.3287671232876712	0.09389671361502347	1.0	0.0	0.41935483870967744	0.7391304347826086	0.96875	0.4444444444444444	0.0	0.974025974025974	0.22388059701492538	0.2191780821917808	0.4756944444444444	0.8888888888888888	0.4666666666666667	0.0	0.0	0.0	0.0	0.0	0.0	0.4857142857142857	0.0	0.75	0.0	0.3359900801505905	
0.0	0.7272041963752867	0.8865612976928834	0.0	0.05588822355289421	0.8547814982973894	0.07706291085801305	0.2975252469204306	0.018691588785046728	0.6301369863013698	0.08853118712273642	0.6584934915083114	0.0	0.22580645161290322	0.782608695652174	0.78125	0.2222222222222222	0.0	0.961038961038961	0.22388059701492538	0.3013698630136986	0.4722222222222222	0.8888888888888888	0.0	0.0	0.0	0.0	0.0	0.0	0.8	0.42857142857142855	0.0	0.625	0.0	0.16340113391049726	
0.0	0.5791374815466281	0.7697960755820316	0.0	0.08349966733200266	0.7845488081725313	0.0714260086825834	0.3219398512928643	0.02118380062305296	0.3835616438356164	0.11468812877263582	0.5990336422312769	0.0	0.25806451612903225	0.6086956521739131	0.734375	0.3333333333333333	0.0	0.9090909090909091	0.23134328358208955	0.2191780821917808	0.5486111111111112	0.8888888888888888	0.6	0.0	0.0	0.0	0.0	1.0	0.0	0.37142857142857144	0.0	0.9166666666666666	0.0	0.4607052953172036	
0.0	0.7775387128184188	0.9079867114287841	0.0	0.04524284763805722	0.8987656072644722	0.03910750377720284	0.31794473421373876	0.01557632398753894	0.726027397260274	0.12407780013413816	0.6127717881224534	0.0	0.3870967741935484	0.5652173913043478	0.859375	0.2222222222222222	0.0	0.935064935064935	0.22388059701492538	0.2602739726027397	0.5069444444444444	0.8888888888888888	0.4	0.0	0.0	0.0	0.0	0.0	0.0	0.37142857142857144	0.0	0.625	0.0	0.17720526170325607	
0.0	0.7903068756478311	0.8943523572332109	0.0	0.043912175648702596	0.8624432463110102	0.044700554521281896	0.27943624458994565	0.017445482866043614	0.6712328767123288	0.20187793427230047	0.6168824144520968	0.0	0.16129032258064516	0.6956521739130435	0.625	0.3333333333333333	0.0	0.8571428571428571	0.15298507462686567	0.2602739726027397	0.5555555555555556	0.7222222222222222	0.26666666666666666	0.0	0.0	0.8571428571428571	0.0	0.0	0.0	0.3142857142857143	0.0	0.5416666666666666	0.0	0.18882074802237941	
0.0	0.8113201620755724	0.9237395334993675	0.0	0.06420492348636062	0.8789727582292849	0.02999836553755875	0.33237154588835865	0.02118380062305296	0.6164383561643836	0.21059691482226695	0.6806692388129665	0.0	0.2903225806451613	0.6521739130434783	0.78125	0.5555555555555556	0.0	0.922077922077922	0.1865671641791045	0.2602739726027397	0.53125	0.7777777777777778	0.0	0.0	0.0	0.0	0.0	0.0	0.6	0.37142857142857144	0.0	0.5833333333333334	0.4	0.13707767809789875	
0.0	0.7045104752332192	0.813504795003217	0.0	0.059880239520958084	0.8350595913734393	0.04010412721698884	0.29097769392964157	0.019314641744548288	0.6986301369863014	0.1891348088531187	0.6537698770417913	0.0	0.5161290322580645	0.782608695652174	0.765625	0.3333333333333333	0.0	0.922077922077922	0.19776119402985073	0.2602739726027397	0.5868055555555556	0.8333333333333334	0.4666666666666667	0.0	0.0	0.0	0.0	0.0	0.0	0.4	0.0	0.6666666666666666	0.0	0.37011944156028476	
0.0	0.6540503188114458	0.7780773590934358	0.0	0.09181636726546906	0.7668842224744609	0.031903909554429594	0.3192764399067806	0.016822429906542057	0.6301369863013698	0.24815560026827632	0.6446471712400389	0.0	0.3548387096774194	0.7391304347826086	0.765625	0.3333333333333333	0.0	0.922077922077922	0.1791044776119403	0.2465753424657534	0.5486111111111112	0.7222222222222222	0.4	0.0	0.0	0.0	0.0	0.0	0.0	0.42857142857142855	0.0	0.5833333333333334	0.0	0.47600337633428697	
0.0	0.7855011464648051	0.9528203197836012	0.0	0.06287425149700598	0.9116770715096482	0.0610292329587358	0.29974475640883363	0.024299065420560748	0.5616438356164384	0.17639168343393696	0.6748999387011864	0.0	0.22580645161290322	0.782608695652174	0.8125	0.3333333333333333	0.0	0.974025974025974	0.23507462686567165	0.3150684931506849	0.4513888888888889	0.8333333333333334	0.0	0.0	0.0	0.0	0.0	0.6666666666666666	0.0	0.42857142857142855	0.0	0.5833333333333334	0.0	0.04191285770842515	
0.0	0.8107547821716871	0.9707791497240301	0.0	0.07152361942781105	0.9325340522133939	0.043676025625181886	0.3140605926090334	0.01806853582554517	0.684931506849315	0.2266934942991281	0.6727003930335701	0.0	0.3548387096774194	0.8695652173913043	0.8125	0.4444444444444444	0.0	0.974025974025974	0.21641791044776118	0.2465753424657534	0.4826388888888889	0.7777777777777778	0.2	0.0	0.0	0.0	0.0	0.0	0.0	0.37142857142857144	0.0	0.4583333333333333	0.0	0.028332822899315022	
0.0	0.7428777837107767	0.8898703094976518	0.0	0.08848968729208251	0.8206583427922814	0.0597974063871603	0.305071579181001	0.019314641744548288	0.7397260273972602	0.21395036887994634	0.6398874986478202	0.0	0.3870967741935484	0.7391304347826086	0.765625	0.3333333333333333	0.0	0.922077922077922	0.208955223880597	0.3013698630136986	0.5729166666666666	0.6666666666666666	0.2	0.0	0.0	0.0	0.0	0.0	0.0	0.34285714285714286	0.0	0.4166666666666667	0.0	0.18728944596744676	
0.0	0.7862549863366524	0.9073695544651963	0.0	0.04557551563539587	0.8751418842224744	0.026394575179292556	0.3236044834091666	0.02367601246105919	0.6575342465753424	0.3145539906103286	0.6631449897234342	0.0	0.41935483870967744	0.6521739130434783	0.796875	0.4444444444444444	0.0	0.935064935064935	0.17164179104477612	0.2876712328767123	0.5659722222222222	0.7777777777777778	0.26666666666666666	0.0	0.0	0.0	0.0	0.0	0.0	0.45714285714285713	0.0	0.5416666666666666	0.0	0.18741643199151434	
0.0	0.7836008417878569	0.9400963815343135	0.0	0.06021290751829674	0.9058598183881952	0.05413658524917579	0.30496060370658085	0.016822429906542057	0.5753424657534246	0.19114688128772636	0.6635055709804204	0.0	0.2903225806451613	0.8260869565217391	0.78125	0.3333333333333333	0.0	0.961038961038961	0.208955223880597	0.2876712328767123	0.5868055555555556	0.7777777777777778	0.26666666666666666	0.0	0.0	0.0	0.0	0.0	0.6	0.4	0.0	0.5833333333333334	0.0	0.07985179984014701	
0.0	0.48875522191161225	0.5846314785067428	0.0	0.11610113107119095	0.5883229284903518	0.2182964117569674	0.24225946065919432	0.01806853582554517	0.8356164383561644	0.18376928236083165	0.5214004976021347	0.0	0.41935483870967744	0.6956521739130435	0.640625	0.4444444444444444	0.0	0.8441558441558441	0.20522388059701493	0.3150684931506849	0.4895833333333333	0.7777777777777778	0.6	0.0	0.0	0.0	0.0	0.0	0.0	0.2857142857142857	0.0	0.9166666666666666	0.0	0.5851441291373167	
0.0	0.8284229041681063	0.8931661903031948	0.0	0.038922155688622756	0.7964670828603859	0.005923929726088014	0.2712240594828543	0.024922118380062305	0.5616438356164384	0.20925553319919518	0.6107525330833303	0.0	0.45161290322580644	0.5652173913043478	0.6875	0.4444444444444444	0.0	0.7922077922077922	0.08208955223880597	0.2191780821917808	0.6076388888888888	0.7222222222222222	0.0	0.0	0.0	0.0	0.0	0.0	0.6	0.34285714285714286	0.0	0.5	0.0	0.25429324807840264	
0.0	0.8130163017872287	0.9397856145526488	0.0	0.05123087159015303	0.826049943246311	0.006681363540325377	0.24969481744534458	0.016822429906542057	0.6301369863013698	0.1743796109993293	0.5427108498900227	0.0	0.22580645161290322	0.391304347826087	0.59375	0.4444444444444444	0.0	0.7272727272727273	0.07835820895522388	0.2191780821917808	0.6909722222222222	0.6666666666666666	0.26666666666666666	0.0	0.0	0.0	0.0	0.0	0.0	0.2571428571428571	0.0	0.625	0.0	0.19324284956638008	
0.0	0.7497565725413826	0.8356786756949581	0.0	0.05189620758483034	0.7717792281498297	0.04598420551172627	0.3022971923204972	0.023052959501557634	0.7534246575342466	0.17974513749161636	0.6133487181336315	0.0	0.3548387096774194	0.6086956521739131	0.703125	0.4444444444444444	0.0	0.8441558441558441	0.12686567164179105	0.2328767123287671	0.6319444444444444	0.7222222222222222	0.0	0.0	0.0	0.0	0.0	0.0	0.0	0.3142857142857143	0.0	0.5	0.0	0.3145443816154116	
0.0	0.8006878788830606	0.9156683459755676	0.0	0.04258150365934797	0.8728007945516458	0.02139152551156681	0.29264232604594387	0.017445482866043614	0.6986301369863014	0.22132796780684105	0.6379403598600945	0.0	0.2903225806451613	0.6086956521739131	0.734375	0.3333333333333333	0.0	0.8831168831168831	0.15298507462686567	0.2465753424657534	0.5798611111111112	0.7777777777777778	0.0	0.0	0.0	1.0	0.0	0.0	0.6	0.34285714285714286	0.0	0.5833333333333334	0.4	0.18446587437347337	
0.0	0.837783082576876	0.9214459856346868	0.0	0.07385229540918163	0.843927355278093	0.017735910734431745	0.30029963378093444	0.01557632398753894	0.6301369863013698	0.23608316566063045	0.6384451736198752	0.0	0.3870967741935484	0.5652173913043478	0.703125	0.5555555555555556	0.0	0.8571428571428571	0.11567164179104478	0.2465753424657534	0.6527777777777778	0.6666666666666666	0.0	0.0	0.0	0.0	0.0	1.0	0.6	0.3142857142857143	0.0	0.4583333333333333	0.0	0.16548519865843	
0.0	0.7869774162138392	0.8490854259039599	0.0	0.09015302727877578	0.8636492622020431	0.018680709755348877	0.29852402619021196	0.024299065420560748	0.6986301369863014	0.22803487592219987	0.6803086575559802	0.0	0.22580645161290322	0.7391304347826086	0.75	0.4444444444444444	0.0	0.935064935064935	0.14925373134328357	0.273972602739726	0.5520833333333334	0.8333333333333334	0.26666666666666666	0.0	0.0	0.0	0.0	0.0	0.6	0.4	0.0	0.8333333333333334	0.0	0.30031447715372034	
0.0	0.8429186167038352	0.8803153190613962	0.0	0.08682634730538923	0.8588251986379115	0.0514656344305493	0.28387526356675175	0.029283489096573207	0.6712328767123288	0.2112676056338028	0.6271589802762052	0.0	0.3548387096774194	0.8260869565217391	0.703125	0.4444444444444444	0.0	0.8441558441558441	0.12313432835820895	0.2465753424657534	0.59375	0.7222222222222222	0.2	0.0	0.0	0.0	0.0	0.0	0.0	0.3142857142857143	0.0	0.375	0.0	0.17187184869241745	
0.0	0.8484467757640481	0.9456245322081526	0.0	0.05555555555555555	0.8837968217934166	0.026769305592652094	0.29719232049717015	0.023052959501557634	0.8904109589041096	0.24681421864520456	0.6554285508239281	0.0	0.45161290322580644	0.6086956521739131	0.765625	0.4444444444444444	0.0	0.8961038961038961	0.19402985074626866	0.2602739726027397	0.5555555555555556	0.6666666666666666	0.0	0.0	0.0	0.0	0.0	0.0	0.8	0.37142857142857144	0.0	0.4583333333333333	0.0	0.09481374138175734	
0.0	0.8893425888117599	0.9390108855983578	0.0	0.07285429141716566	0.9632519863791147	0.011194074475676408	0.29219842414826325	0.019937694704049845	0.684931506849315	0.18041582830315225	0.6713301842570223	0.0	0.2903225806451613	0.6521739130434783	0.765625	0.4444444444444444	0.0	0.9090909090909091	0.12313432835820895	0.273972602739726	0.5833333333333334	0.8333333333333334	0.2	0.0	0.0	0.0	0.0	0.0	0.0	0.37142857142857144	0.0	0.5416666666666666	0.0	0.10506226050062373	
0.0	0.7505732324025505	0.8291350610810314	0.0	0.07651363938789088	0.8322928490351873	0.0229661905464287	0.27610698035734105	0.014953271028037384	0.5205479452054794	0.20187793427230047	0.6326398153823964	0.0	0.3870967741935484	0.6086956521739131	0.703125	0.4444444444444444	0.0	0.8441558441558441	0.12313432835820895	0.2465753424657534	0.5416666666666666	0.7777777777777778	0.4	0.0	0.0	0.0	0.0	0.0	0.6	0.4	0.0	0.7916666666666666	0.0	0.35930322021617506	
0.0	0.8500800954863837	0.9769550963596493	0.0	0.05555555555555555	0.8150539160045402	0.0035280469768424576	0.24902896459882365	0.019937694704049845	0.410958904109589	0.1602951039570758	0.5101503623841632	0.0	0.2903225806451613	0.391304347826087	0.53125	0.4444444444444444	0.0	0.6363636363636364	0.033582089552238806	0.1917808219178082	0.5798611111111112	0.5	0.0	0.0	0.0	0.0	0.0	0.0	0.0	0.22857142857142856	0.0	0.4166666666666667	0.0	0.12669470318884316	
0.0	0.7787008826208499	0.8658755969133398	0.0	0.07817697937458416	0.7313422247446084	0.004979130705170881	0.260126512040839	0.011838006230529595	0.4657534246575342	0.1529175050301811	0.5031190278729312	0.0	0.2903225806451613	0.4782608695652174	0.46875	0.4444444444444444	0.0	0.6493506493506493	0.03731343283582089	0.1780821917808219	0.6493055555555556	0.5	0.26666666666666666	0.0	0.0	0.0	0.0	0.0	0.0	0.2571428571428571	0.0	0.4583333333333333	0.0	0.35647964862220166	
0.0	0.7660112447780884	0.8484901539390809	0.0	0.05289421157684631	0.7663876276958003	0.023982746455010424	0.2877594051714571	0.013084112149532711	0.6164383561643836	0.18041582830315225	0.5968701546893592	0.0	0.25806451612903225	0.5652173913043478	0.625	0.5555555555555556	0.0	0.7792207792207793	0.08208955223880597	0.2328767123287671	0.65625	0.6111111111111112	0.0	0.0	0.0	0.8571428571428571	0.0	0.0	0.0	0.2571428571428571	0.0	0.4166666666666667	0.0	0.3313364158568195	
0.0	0.7122216289223231	0.7919480712750638	0.0	0.06719893546240852	0.6962258796821793	0.005716632050612525	0.28409721451559206	0.013707165109034268	0.410958904109589	0.16700201207243462	0.5669419103594995	0.0	0.12903225806451613	0.5652173913043478	0.59375	0.4444444444444444	0.0	0.7532467532467533	0.06716417910447761	0.2054794520547945	0.625	0.6666666666666666	0.26666666666666666	0.0	0.0	0.0	0.0	0.8888888888888888	0.0	0.2857142857142857	0.0	0.6666666666666666	0.0	0.5015947950669665	
0.0	0.8039859283223922	0.9145215720432273	0.0	0.06387225548902195	0.8008654937570943	0.004791765498491112	0.25280213072910884	0.022429906542056073	0.5068493150684932	0.17303822937625754	0.5620380052644863	0.0	0.2903225806451613	0.5652173913043478	0.5625	0.4444444444444444	0.0	0.7532467532467533	0.05970149253731343	0.2191780821917808	0.6215277777777778	0.6111111111111112	0.2	0.0	0.0	0.0	0.0	0.0	0.0	0.2857142857142857	0.0	0.5	0.0	0.24253583620296848	
0.0	0.8158589063039859	0.9072776374706194	0.0	0.06320691949434465	0.8198779795686719	0.006242849226819535	0.26145821773388084	0.00809968847352025	0.6301369863013698	0.1750503018108652	0.5374463635380233	0.0	0.3225806451612903	0.5217391304347826	0.515625	0.4444444444444444	0.0	0.7272727272727273	0.04477611940298507	0.2191780821917808	0.5972222222222222	0.6111111111111112	0.3333333333333333	0.0	0.0	0.0	0.0	0.0	0.0	0.3142857142857143	0.0	0.625	0.0	0.24922874664794245	
0.0	0.809388447403964	0.91457847303987	0.0	0.0658682634730539	0.7483683314415437	0.0038788584276471315	0.2570191987570747	0.01557632398753894	0.6712328767123288	0.1636485580147552	0.5065806079399993	0.0	0.22580645161290322	0.5217391304347826	0.515625	0.4444444444444444	0.0	0.6493506493506493	0.03731343283582089	0.1917808219178082	0.6458333333333334	0.5555555555555556	0.2	0.0	0.0	0.0	0.0	0.0	0.0	0.2571428571428571	0.0	0.4583333333333333	0.0	0.2585061961709979	
0.0	0.8308100637622892	0.9054918215759825	0.0	0.09015302727877578	0.7994466515323496	0.04435372956423637	0.25546554211519257	0.013707165109034268	0.5205479452054794	0.15157612340710933	0.5404031298453107	0.0	0.3225806451612903	0.5652173913043478	0.5625	0.3333333333333333	0.0	0.7272727272727273	0.0708955223880597	0.2054794520547945	0.7256944444444444	0.5555555555555556	0.0	0.0	0.0	0.0	0.0	0.0	0.0	0.2571428571428571	0.0	0.4166666666666667	0.6	0.1750763783585936	
0.0	0.8542105097842133	0.9323928619888211	0.0	0.08416500332667998	0.7962542565266743	0.032701208306258396	0.2633448007990234	0.019937694704049845	0.7123287671232876	0.17370892018779344	0.5678794216276638	0.0	0.3225806451612903	0.5217391304347826	0.609375	0.5555555555555556	0.0	0.7402597402597403	0.07835820895522388	0.2054794520547945	0.6006944444444444	0.6111111111111112	0.0	0.0	0.0	0.0	0.0	0.0	0.6	0.2857142857142857	0.0	0.4583333333333333	0.0	0.1338731484317226	
0.0	0.75574017652417	0.8051578564956865	0.0	0.04624085163007319	0.7723467650397275	0.02944025641127859	0.2892020863389191	0.014953271028037384	0.7945205479452054	0.20187793427230047	0.5870623444993329	0.0	0.1935483870967742	0.5652173913043478	0.625	0.4444444444444444	0.0	0.7792207792207793	0.08582089552238806	0.2328767123287671	0.6597222222222222	0.7222222222222222	0.0	0.0	0.0	0.0	0.0	0.0	0.8	0.3142857142857143	0.0	0.5	0.0	0.4011339104972623	
0.0	0.7333762603260358	0.962821764193516	0.0	0.07584830339321358	0.7699347332576617	0.0	0.22350460548218842	0.013084112149532711	0.3561643835616438	0.14218645204560698	0.35538888688565967	0.0	0.22580645161290322	0.30434782608695654	0.34375	0.3333333333333333	0.0	0.4935064935064935	0.0037313432835820895	0.1643835616438356	0.6423611111111112	0.5	0.3333333333333333	0.0	0.0	0.0	0.0	0.0	0.0	0.17142857142857143	0.0	0.5416666666666666	0.6	0.2514024485893347	
0.0	0.7719320287715551	0.9482682400521738	0.0	0.0658682634730539	0.7732690124858116	8.291907019019562E-4	0.23515703029630453	0.009345794392523364	0.6164383561643836	0.16096579476861167	0.3866512818663686	0.0	0.06451612903225806	0.2608695652173913	0.34375	0.2222222222222222	0.0	0.5064935064935064	0.0	0.1506849315068493	0.7256944444444444	0.4444444444444444	0.0	0.0	0.0	0.0	0.0	0.0	0.0	0.22857142857142856	0.0	0.2916666666666667	0.0	0.24860128629372613	
0.0	0.7324339604862267	0.8640372570218018	0.0	0.06620093147039255	0.7778802497162316	0.004277507803561533	0.25135944956164685	0.0161993769470405	0.3698630136986301	0.15023474178403756	0.47827497926657775	0.0	0.3225806451612903	0.391304347826087	0.5	0.4444444444444444	0.0	0.5974025974025974	0.029850746268656716	0.1917808219178082	0.7465277777777778	0.5555555555555556	0.4666666666666667	0.0	0.0	0.0	0.0	0.0	0.0	0.22857142857142856	0.0	0.5833333333333334	0.0	0.3838414019257057	
0.0	0.7791092125514338	0.9243523134632136	0.0	0.06620093147039255	0.7641174801362088	0.0032450059199432323	0.21851070913328155	0.012461059190031152	0.5342465753424658	0.1482226693494299	0.46125554393682616	0.0	0.3225806451612903	0.391304347826087	0.484375	0.4444444444444444	0.0	0.6103896103896104	0.026119402985074626	0.1780821917808219	0.7013888888888888	0.5555555555555556	0.4	0.0	0.0	0.0	0.0	0.0	0.0	0.2571428571428571	0.0	0.5416666666666666	0.0	0.26791810148424255	
0.0	0.8119797719634387	0.9708754437183488	0.0	0.07518296739853626	0.7958995459704881	0.003555952433156466	0.2509155476639663	0.013084112149532711	0.5205479452054794	0.1676727028839705	0.4635272058558396	0.0	0.12903225806451613	0.43478260869565216	0.4375	0.5555555555555556	0.0	0.5844155844155844	0.029850746268656716	0.1780821917808219	0.7118055555555556	0.5	0.0	0.0	0.0	0.0	0.0	0.0	0.0	0.22857142857142856	0.0	0.2916666666666667	0.0	0.1660379613514301	
0.0	0.831312623676854	0.9511789448804423	0.0	0.08516300731869594	0.8033484676503972	0.002794532125159958	0.26001553656641885	0.012461059190031152	0.5068493150684932	0.1643192488262911	0.4668445534201132	0.0	0.25806451612903225	0.4782608695652174	0.453125	0.4444444444444444	0.0	0.5974025974025974	0.029850746268656716	0.1780821917808219	0.7256944444444444	0.5555555555555556	0.0	0.0	0.0	0.0	0.0	0.0	0.6	0.2	0.0	0.3333333333333333	0.0	0.18951543627169035	
0.0	0.8457455162232622	0.9507281139070413	0.0	0.08316699933466401	0.814344494892168	0.003532033470601602	0.25923870824547773	0.022429906542056073	0.4657534246575342	0.15157612340710933	0.47791439800959146	0.0	0.3870967741935484	0.6086956521739131	0.421875	0.4444444444444444	0.0	0.5974025974025974	0.026119402985074626	0.1780821917808219	0.7013888888888888	0.5555555555555556	0.0	0.0	0.0	0.0	0.0	0.6666666666666666	0.0	0.17142857142857143	0.0	0.375	0.6	0.17869921492758062	
0.0	0.7914062254609416	0.9253896624020099	0.0	0.08982035928143713	0.7831299659477866	0.003747304133595379	0.2491399400732438	0.01059190031152648	0.4383561643835616	0.1522468142186452	0.4606425557999495	0.0	0.25806451612903225	0.43478260869565216	0.484375	0.3333333333333333	0.0	0.5974025974025974	0.026119402985074626	0.2054794520547945	0.6597222222222222	0.5555555555555556	0.26666666666666666	0.0	0.0	0.0	0.0	0.0	0.0	0.2571428571428571	0.0	0.375	0.4	0.2550402246905649	
0.0	0.7711938938970381	0.8897302455059155	0.0	0.07385229540918163	0.7629824063564131	0.0037034527022447947	0.24803018532904228	0.01059190031152648	0.5753424657534246	0.13279678068410464	0.44459668986406087	0.0	0.1935483870967742	0.30434782608695654	0.40625	0.2222222222222222	0.0	0.5844155844155844	0.022388059701492536	0.1780821917808219	0.6319444444444444	0.6111111111111112	0.4666666666666667	0.0	0.0	0.0	0.0	0.0	0.0	0.22857142857142856	0.0	0.5416666666666666	0.0	0.3317547227596304	
0.0	0.7961177246599868	0.9081048904218114	0.0	0.07085828343313373	0.7749716231555052	0.004349264691226126	0.27111308400843415	0.016822429906542057	0.3424657534246575	0.1857813547954393	0.4659791584033462	0.0	0.22580645161290322	0.43478260869565216	0.46875	0.4444444444444444	0.0	0.5974025974025974	0.022388059701492536	0.1917808219178082	0.6736111111111112	0.5555555555555556	0.0	0.0	0.0	0.0	0.0	0.0	0.0	0.22857142857142856	0.0	0.4166666666666667	0.0	0.2795335878033659	
0.0	0.5800012563997864	0.7314623118437236	0.0	0.13872255489021956	0.7038876276958003	0.011724278145642563	0.23748751525912773	0.008722741433021807	0.726027397260274	0.17572099262240107	0.43918797100926693	0.0	0.25806451612903225	0.5217391304347826	0.671875	0.3333333333333333	0.0	0.5974025974025974	0.06716417910447761	0.1780821917808219	0.8506944444444444	0.6666666666666666	0.4666666666666667	0.0	0.0	0.0	0.0	0.0	0.0	0.42857142857142855	0.0	0.6666666666666666	0.6	0.6829383072016015	
0.49637194302606824	0.7644878600370638	0.7259910621665273	0.0	0.059214903526280775	0.5305760499432464	0.011648534764218827	0.2413716568638331	0.019314641744548288	0.6301369863013698	0.18779342723004694	0.4349691703025277	0.0	0.9354838709677419	0.391304347826087	0.59375	0.4444444444444444	0.0	0.6753246753246753	0.07462686567164178	0.1780821917808219	1.0	0.1111111111111111	0.0	0.0	0.0	0.6666666666666666	0.0	0.0	0.0	0.34285714285714286	1.0	0.0	0.0	0.5970434665690617	
0.0	0.7842761566730534	0.8665277698748616	0.0	0.07052561543579508	0.6545828603859251	0.017369153308590495	0.266674065031628	0.009345794392523364	0.821917808219178	0.1750503018108652	0.4311109508527747	0.0	0.22580645161290322	0.2608695652173913	0.578125	0.4444444444444444	0.0	0.6103896103896104	0.06343283582089553	0.1780821917808219	0.78125	0.2777777777777778	0.0	0.0	0.0	0.0	0.0	0.0	0.6	0.37142857142857144	0.5833333333333334	0.0	0.0	0.3514749053207144	
0.4180327868852459	0.7488299776989038	0.8554320755295075	0.0	0.15302727877578176	0.8701049943246311	0.03669168855916156	0.27932526911552547	0.012461059190031152	0.5205479452054794	0.19450033534540576	0.49457325208235675	0.0	0.03225806451612903	0.43478260869565216	0.765625	0.3333333333333333	0.0	0.6753246753246753	0.10820895522388059	0.1917808219178082	0.9409722222222222	0.5	0.0	0.0	0.0	0.0	0.0	0.0	0.0	0.42857142857142855	0.0	0.20833333333333334	0.6	0.28866911177011045	
0.0	0.819738040644533	0.915011796014304	0.0	0.09181636726546906	0.9116061293984109	0.004149940003268925	0.2848740428365331	0.018691588785046728	0.5068493150684932	0.16968477531857815	0.46320268272455195	0.0	0.0967741935483871	0.43478260869565216	0.5	0.4444444444444444	0.0	0.5974025974025974	0.041044776119402986	0.1917808219178082	0.9201388888888888	0.5555555555555556	0.0	0.0	0.0	0.0	0.0	0.0	0.0	0.3142857142857143	0.0	0.375	0.0	0.24116886900271153	
0.0	0.84447341143952	0.9337147159108318	0.0	0.09514304723885562	0.8741486946651532	0.011341574744764738	0.28764842969703697	0.021806853582554516	0.6301369863013698	0.19181757209926223	0.5006310171997259	0.0	0.06451612903225806	0.391304347826087	0.546875	0.4444444444444444	0.0	0.6623376623376623	0.07462686567164178	0.2054794520547945	0.9305555555555556	0.5	0.0	0.0	0.0	0.0	0.0	0.0	0.0	0.34285714285714286	0.0	0.3333333333333333	0.0	0.17943125200749965	
0.0	0.7092062694349341	0.8074207653621749	0.0	0.0998003992015968	0.9706299659477866	0.010982790306441776	0.30163133947397625	0.020560747663551402	0.4931506849315068	0.2119382964453387	0.566220747845527	0.0	0.1935483870967742	0.391304347826087	0.703125	0.5555555555555556	0.0	0.7662337662337663	0.09328358208955224	0.2465753424657534	0.8888888888888888	0.7222222222222222	0.4666666666666667	0.0	0.0	0.0	0.0	0.0	0.0	0.5714285714285714	0.0	0.7083333333333334	0.8	0.43468809991559165	
0.0	0.766074064767409	0.8389920644994682	0.0	0.09614105123087159	0.9897843359818388	0.00518642838064637	0.3072910886694041	0.008722741433021807	0.5753424657534246	0.22334004024144868	0.5888291926585656	0.0	0.22580645161290322	0.6521739130434783	0.703125	0.6666666666666666	0.0	0.7792207792207793	0.08582089552238806	0.2602739726027397	0.7743055555555556	0.6666666666666666	0.26666666666666666	0.0	0.0	0.0	0.0	0.0	0.0	0.6	0.0	0.5416666666666666	0.0	0.357839146056337	
0.6678312281644719	0.8938028080535226	0.9123024331741565	0.0	0.1264138389886893	1.0	0.005513320868896179	0.3024081677949173	0.013707165109034268	0.4931506849315068	0.24815560026827632	0.6294667003209173	0.0	0.2903225806451613	0.34782608695652173	0.765625	0.6666666666666666	0.0	0.8051948051948052	0.1044776119402985	0.2602739726027397	0.7604166666666666	0.6111111111111112	0.0	0.0	0.0	0.0	0.0	0.0	0.6	0.5142857142857142	0.0	0.4583333333333333	0.0	0.12413257340912656	
0.5085998387530234	0.7867104312592267	0.8440343682019723	0.0	0.10978043912175649	0.922744040862656	0.004106088571918341	0.29430695816224617	0.020560747663551402	0.6027397260273972	0.2005365526492287	0.523203403887066	0.0	0.3225806451612903	0.4782608695652174	0.640625	0.4444444444444444	0.0	0.7012987012987013	0.05970149253731343	0.2465753424657534	0.8333333333333334	0.6111111111111112	0.2	0.0	0.0	0.7619047619047619	0.0	0.0	0.6	0.37142857142857144	0.0	0.4583333333333333	0.0	0.33447371762790107	